0	55.38918246769193
1.0	0.9999999999999999
2.0	1.0000000000000002
3.0	1.0000000000000002
4.0	1.0
5.0	1.0000000000000002
6.0	1.0000000000000002
7.0	1.0000000000000002
8.0	1.0
9.0	1.0000000000000004
10.0	1.0000000000000004
11.0	1.0
12.0	0.9999999999999999
13.0	1.0000000000000002
14.0	0.9999999999999999
15.0	1.0
16.0	1.0000000000000002
17.0	1.0000000000000002
18.0	1.0000000000000002
19.0	1.0000000000000002
20.0	1.0
21.0	1.0000000000000002
22.0	1.0
23.0	1.0000000000000002
24.0	1.0000000000000002
25.0	1.0000000000000004
26.0	1.0000000000000002
27.0	1.0
28.0	1.0
29.0	1.0
30.0	1.0000000000000002
31.0	1.0
32.0	0.9999999999999999
33.0	1.0
34.0	1.0000000000000004
35.0	1.0
36.0	1.0000000000000004
37.0	1.0000000000000002
38.0	1.0
39.0	1.0000000000000002
40.0	1.0
41.0	1.0000000000000004
42.0	1.0000000000000002
43.0	1.0000000000000004
44.0	1.0000000000000002
45.0	1.0
46.0	0.9999999999999999
47.0	1.0000000000000002
48.0	0.9999999999999999
49.0	1.0000000000000004
50.0	1.0
51.0	1.0000000000000004
52.0	1.0
53.0	1.0
54.0	1.0000000000000002
55.0	1.0000000000000002
56.0	1.0000000000000004
57.0	1.0000000000000002
58.0	1.0000000000000002
59.0	1.0
60.0	1.0000000000000004
61.0	1.0000000000000004
62.0	0.9999999999999999
63.0	1.0000000000000002
64.0	1.0000000000000004
65.0	1.0000000000000004
66.0	1.0
67.0	1.0000000000000004
68.0	1.0
69.0	1.0000000000000004
70.0	1.0000000000000002
71.0	1.0
72.0	1.0000000000000002
73.0	1.0
74.0	1.0
75.0	1.0
76.0	0.9999999999999999
77.0	1.0
78.0	1.0
79.0	1.0000000000000004
80.0	1.0
81.0	1.0000000000000002
82.0	1.0000000000000004
83.0	1.0000000000000002
84.0	1.0
85.0	1.0
86.0	0.9999999999999999
87.0	1.0000000000000002
88.0	1.0
89.0	1.0000000000000002
90.0	1.0000000000000004
91.0	1.0000000000000004
92.0	1.0000000000000002
93.0	1.0
94.0	1.0000000000000002
95.0	1.0
96.0	0.9999999999999999
97.0	1.0000000000000002
98.0	1.0000000000000002
99.0	1.0000000000000002
100.0	1.0
101.0	1.0
102.0	1.0000000000000002
103.0	1.0
104.0	1.0000000000000002
105.0	1.0
106.0	1.0000000000000004
107.0	1.0000000000000002
108.0	1.0
109.0	0.9999999999999999
110.0	1.0
111.0	0.9999999999999999
112.0	1.0000000000000002
113.0	0.9999999999999999
114.0	1.0000000000000004
115.0	1.0000000000000004
116.0	0.9999999999999999
117.0	1.0000000000000002
118.0	1.0
119.0	1.0000000000000002
120.0	1.0
121.0	1.0000000000000004
122.0	1.0000000000000002
123.0	1.0000000000000004
124.0	1.0000000000000002
125.0	1.0
126.0	1.0
127.0	1.0000000000000002
128.0	1.0
129.0	1.0000000000000002
130.0	1.0000000000000002
131.0	1.0
132.0	1.0
133.0	1.0000000000000002
134.0	1.0000000000000002
135.0	1.0000000000000002
136.0	1.0000000000000002
137.0	1.0000000000000002
138.0	1.0000000000000002
139.0	1.0
140.0	1.0000000000000002
141.0	1.0
142.0	1.0000000000000002
143.0	1.0000000000000002
144.0	0.9999999999999999
145.0	1.0000000000000002
146.0	1.0
147.0	0.9999999999999999
148.0	1.0
149.0	1.0
150.0	1.0000000000000004
151.0	1.0000000000000002
152.0	1.0
153.0	1.0000000000000002
154.0	1.0
155.0	1.0
156.0	1.0000000000000004
157.0	1.0
158.0	1.0
159.0	1.0000000000000002
160.0	1.0
161.0	1.0000000000000002
162.0	0.9999999999999999
163.0	1.0
164.0	1.0
165.0	1.0
166.0	1.0000000000000002
167.0	1.0
168.0	1.0000000000000002
169.0	1.0000000000000004
170.0	1.0
171.0	1.0
172.0	1.0000000000000002
173.0	1.0
174.0	1.0000000000000002
175.0	1.0
176.0	1.0000000000000002
177.0	1.0
178.0	1.0
179.0	1.0000000000000002
180.0	1.0000000000000002
181.0	0.9999999999999999
182.0	1.0000000000000002
183.0	1.0
184.0	1.0
185.0	1.0000000000000004
186.0	1.0000000000000002
187.0	1.0
188.0	0.9999999999999998
189.0	1.0000000000000002
190.0	0.9999999999999999
191.0	1.0
192.0	1.0000000000000002
193.0	0.9999999999999999
194.0	0.9999999999999999
195.0	1.0
196.0	1.0
197.0	1.0
198.0	1.0000000000000002
199.0	1.0000000000000002
200.0	1.0
201.0	1.0000000000000002
202.0	1.0000000000000002
203.0	1.0
204.0	0.9999999999999999
205.0	1.0
206.0	1.0
207.0	1.0000000000000002
208.0	1.0
209.0	1.0
210.0	1.0000000000000002
211.0	1.0000000000000002
212.0	1.0000000000000002
213.0	1.0000000000000002
214.0	1.0000000000000002
215.0	1.0
216.0	1.0
217.0	1.0000000000000002
218.0	1.0
219.0	1.0000000000000004
220.0	1.0
221.0	1.0
222.0	1.0000000000000002
223.0	1.0
224.0	1.0
225.0	1.0000000000000004
226.0	1.0000000000000004
227.0	1.0000000000000002
228.0	1.0000000000000002
229.0	1.0
230.0	1.0
231.0	1.0000000000000004
232.0	0.9999999999999999
233.0	1.0000000000000002
234.0	1.0000000000000002
235.0	1.0
236.0	0.9999999999999999
237.0	1.0000000000000004
238.0	1.0
239.0	1.0000000000000004
240.0	1.0000000000000002
241.0	1.0000000000000002
242.0	1.0000000000000002
243.0	1.0000000000000002
244.0	1.0000000000000002
245.0	1.0000000000000002
246.0	0.9999999999999999
247.0	1.0000000000000002
248.0	1.0000000000000004
249.0	1.0000000000000004
250.0	1.0000000000000002
251.0	1.0000000000000004
252.0	1.0
253.0	1.0000000000000002
254.0	1.0000000000000002
255.0	1.0000000000000002
256.0	1.0000000000000002
257.0	1.0
258.0	0.9999999999999998
259.0	1.0
260.0	1.0
261.0	1.0000000000000002
262.0	1.0000000000000002
263.0	1.0000000000000004
264.0	1.0000000000000002
265.0	1.0000000000000004
266.0	1.0000000000000002
267.0	1.0000000000000002
268.0	1.0000000000000002
269.0	1.0000000000000002
270.0	1.0000000000000002
271.0	1.0000000000000002
272.0	1.0000000000000004
273.0	1.0000000000000002
274.0	1.0
275.0	0.9999999999999999
276.0	1.0000000000000004
277.0	1.0000000000000004
278.0	1.0000000000000004
279.0	1.0000000000000004
280.0	1.0
281.0	1.0
282.0	1.0
283.0	1.0000000000000004
284.0	1.0000000000000004
285.0	1.0000000000000002
286.0	1.0000000000000004
287.0	1.0000000000000002
288.0	1.0000000000000002
289.0	1.0000000000000002
290.0	1.0000000000000002
291.0	1.0000000000000004
292.0	0.9999999999999998
293.0	1.0000000000000002
294.0	1.0000000000000002
295.0	0.9999999999999999
296.0	1.0
297.0	1.0
298.0	1.0000000000000002
299.0	1.0000000000000002
300.0	1.0000000000000004
301.0	1.0000000000000002
302.0	1.0
303.0	1.0000000000000002
304.0	1.0000000000000004
305.0	1.0000000000000002
306.0	1.0000000000000002
307.0	1.0000000000000004
308.0	1.0000000000000002
309.0	1.0000000000000004
310.0	1.0000000000000004
311.0	0.9999999999999999
312.0	1.0
313.0	1.0000000000000002
314.0	1.0000000000000004
315.0	1.0000000000000004
316.0	1.0
317.0	1.0000000000000002
318.0	1.0000000000000002
319.0	1.0000000000000002
320.0	1.0000000000000002
321.0	1.0000000000000002
322.0	1.0000000000000002
323.0	1.0
324.0	1.0
325.0	1.0000000000000002
326.0	1.0
327.0	1.0000000000000002
328.0	1.0000000000000004
329.0	1.0000000000000002
330.0	1.0
331.0	1.0000000000000002
332.0	1.0
333.0	1.0000000000000004
334.0	1.0000000000000004
335.0	1.0
336.0	1.0000000000000002
337.0	1.0
338.0	1.0
339.0	1.0000000000000002
340.0	1.0
341.0	1.0000000000000002
342.0	1.0
343.0	1.0
344.0	1.0000000000000002
345.0	1.0000000000000002
346.0	1.0
347.0	1.0
348.0	1.0000000000000002
349.0	1.0
350.0	1.0
351.0	1.0000000000000002
352.0	0.9999999999999999
353.0	1.0
354.0	1.0
355.0	1.0000000000000002
356.0	0.9999999999999999
357.0	1.0000000000000002
358.0	1.0000000000000002
359.0	1.0000000000000002
360.0	1.0
361.0	1.0
362.0	1.0000000000000002
363.0	1.0
364.0	1.0
365.0	1.0000000000000004
366.0	1.0
367.0	1.0000000000000002
368.0	1.0000000000000002
369.0	1.0000000000000002
370.0	1.0
371.0	1.0000000000000004
372.0	1.0000000000000002
373.0	1.0
374.0	1.0000000000000004
375.0	1.0000000000000004
376.0	1.0000000000000002
377.0	1.0000000000000002
378.0	1.0
379.0	1.0
380.0	1.0000000000000002
381.0	0.9999999999999999
382.0	1.0
383.0	1.0000000000000004
384.0	1.0
385.0	1.0000000000000002
386.0	1.0000000000000002
387.0	1.0
388.0	1.0000000000000002
389.0	1.0000000000000002
390.0	1.0000000000000004
391.0	1.0
392.0	1.0000000000000002
393.0	1.0000000000000002
394.0	1.0
395.0	1.0000000000000002
396.0	1.0000000000000002
397.0	1.0000000000000004
398.0	1.0
399.0	1.0000000000000002
400.0	1.0000000000000002
401.0	1.0000000000000002
402.0	0.9999999999999999
403.0	1.0
404.0	1.0000000000000002
405.0	1.0000000000000002
406.0	1.0
407.0	1.0000000000000002
408.0	1.0
409.0	0.9999999999999999
410.0	1.0000000000000002
411.0	1.0000000000000002
412.0	1.0000000000000004
413.0	1.0000000000000002
414.0	0.9999999999999999
415.0	1.0000000000000002
416.0	1.0000000000000002
417.0	1.0000000000000004
418.0	1.0000000000000002
419.0	1.0000000000000002
420.0	1.0000000000000002
421.0	1.0000000000000002
422.0	1.0000000000000002
423.0	0.9999999999999997
424.0	1.0000000000000002
425.0	1.0000000000000002
426.0	1.0000000000000002
427.0	1.0000000000000002
428.0	1.0
429.0	0.9999999999999999
430.0	0.9999999999999999
431.0	1.0
432.0	1.0000000000000002
433.0	1.0000000000000002
434.0	1.0
435.0	1.0000000000000002
436.0	1.0
437.0	1.0
438.0	1.0000000000000002
439.0	1.0000000000000002
440.0	1.0000000000000002
441.0	1.0000000000000002
442.0	1.0
443.0	1.0000000000000002
444.0	1.0
445.0	1.0000000000000002
446.0	0.9999999999999999
447.0	1.0
448.0	1.0
449.0	1.0000000000000004
450.0	1.0000000000000004
451.0	1.0
452.0	1.0
453.0	1.0
454.0	1.0
455.0	1.0
456.0	1.0000000000000002
457.0	1.0
458.0	1.0000000000000002
459.0	1.0
460.0	1.0000000000000002
461.0	1.0000000000000002
462.0	1.0000000000000002
463.0	0.9999999999999999
464.0	1.0
465.0	1.0000000000000002
466.0	1.0000000000000002
467.0	1.0000000000000002
468.0	1.0000000000000002
469.0	1.0000000000000002
470.0	1.0000000000000002
471.0	1.0000000000000002
472.0	1.0000000000000002
473.0	0.9999999999999999
474.0	1.0
475.0	1.0000000000000002
476.0	1.0000000000000004
477.0	1.0000000000000002
478.0	1.0
479.0	1.0
480.0	1.0
481.0	1.0000000000000002
482.0	1.0
483.0	0.9999999999999999
484.0	1.0
485.0	1.0000000000000002
486.0	1.0
487.0	1.0000000000000002
488.0	1.0000000000000002
489.0	0.9999999999999999
490.0	1.0
491.0	1.0000000000000004
492.0	1.0000000000000002
493.0	1.0000000000000002
494.0	1.0000000000000002
495.0	1.0000000000000002
496.0	1.0000000000000002
497.0	1.0000000000000002
498.0	1.0000000000000002
499.0	1.0000000000000002
500.0	1.0000000000000002
501.0	1.0000000000000002
502.0	1.0000000000000002
503.0	1.0000000000000002
504.0	0.9999999999999999
505.0	1.0000000000000002
506.0	1.0
507.0	1.0
508.0	1.0
509.0	1.0000000000000002
510.0	1.0000000000000004
511.0	1.0000000000000004
512.0	1.0
513.0	1.0000000000000002
514.0	0.9999999999999999
515.0	1.0
516.0	1.0000000000000002
517.0	1.0000000000000002
518.0	1.0000000000000002
519.0	1.0000000000000002
520.0	1.0
521.0	1.0000000000000002
522.0	1.0000000000000002
523.0	1.0000000000000002
524.0	0.9999999999999999
525.0	1.0
526.0	1.0
527.0	1.0000000000000002
528.0	1.0000000000000002
529.0	1.0000000000000002
530.0	1.0
531.0	1.0
532.0	1.0
533.0	1.0000000000000004
534.0	1.0
535.0	1.0000000000000002
536.0	1.0000000000000002
537.0	0.9999999999999999
538.0	1.0000000000000004
539.0	1.0
540.0	1.0000000000000002
541.0	1.0000000000000002
542.0	1.0000000000000002
543.0	0.9999999999999999
544.0	1.0
545.0	1.0
546.0	1.0000000000000002
547.0	1.0000000000000002
548.0	1.0000000000000002
549.0	1.0
550.0	1.0000000000000002
551.0	1.0000000000000002
552.0	1.0
553.0	1.0
554.0	1.0
555.0	0.9999999999999999
556.0	1.0000000000000002
557.0	1.0000000000000004
558.0	1.0
559.0	1.0
560.0	1.0
561.0	1.0000000000000002
562.0	1.0
563.0	1.0000000000000002
564.0	1.0
565.0	1.0000000000000002
566.0	1.0000000000000002
567.0	1.0
568.0	1.0000000000000002
569.0	1.0000000000000002
570.0	1.0
571.0	1.0000000000000004
572.0	1.0
573.0	1.0000000000000004
574.0	0.9999999999999999
575.0	1.0000000000000002
576.0	1.0
577.0	1.0000000000000002
578.0	1.0
579.0	1.0000000000000002
580.0	1.0000000000000002
581.0	1.0000000000000002
582.0	1.0000000000000002
583.0	1.0000000000000002
584.0	1.0000000000000002
585.0	1.0000000000000002
586.0	1.0000000000000004
587.0	1.0
588.0	1.0
589.0	1.0000000000000002
590.0	0.9999999999999999
591.0	1.0
592.0	1.0
593.0	1.0
594.0	1.0000000000000002
595.0	1.0000000000000002
596.0	0.9999999999999999
597.0	1.0000000000000004
598.0	1.0
599.0	1.0000000000000002
600.0	1.0000000000000002
601.0	1.0000000000000002
602.0	1.0000000000000004
603.0	0.9999999999999999
604.0	1.0000000000000002
605.0	1.0
606.0	1.0
607.0	1.0
608.0	1.0000000000000002
609.0	1.0000000000000002
610.0	1.0
611.0	1.0000000000000002
612.0	1.0000000000000002
613.0	1.0000000000000002
614.0	1.0000000000000002
615.0	1.0
616.0	1.0
617.0	1.0
618.0	1.0000000000000002
619.0	1.0000000000000002
620.0	1.0000000000000002
621.0	0.9999999999999998
622.0	1.0000000000000004
623.0	1.0
624.0	0.9999999999999999
625.0	1.0000000000000004
626.0	1.0
627.0	1.0000000000000002
628.0	1.0000000000000002
629.0	1.0
630.0	1.0
631.0	1.0000000000000002
632.0	0.9999999999999998
633.0	1.0000000000000004
634.0	1.0
635.0	1.0
636.0	1.0000000000000002
637.0	0.9999999999999998
638.0	1.0
639.0	1.0000000000000002
640.0	1.0
641.0	1.0000000000000002
642.0	1.0
643.0	1.0
644.0	1.0000000000000002
645.0	1.0000000000000002
646.0	1.0000000000000002
647.0	1.0000000000000002
648.0	1.0
649.0	1.0000000000000002
650.0	1.0000000000000002
651.0	1.0000000000000002
652.0	1.0
653.0	1.0000000000000002
654.0	0.9999999999999999
655.0	1.0000000000000004
656.0	1.0000000000000002
657.0	0.9999999999999999
658.0	1.0000000000000002
659.0	1.0
660.0	1.0000000000000002
661.0	0.9999999999999999
662.0	1.0
663.0	1.0000000000000002
664.0	1.0000000000000004
665.0	1.0000000000000002
666.0	1.0000000000000002
667.0	0.9999999999999999
668.0	1.0
669.0	1.0
670.0	1.0000000000000002
671.0	1.0000000000000002
672.0	0.9999999999999999
673.0	1.0
674.0	1.0
675.0	1.0000000000000002
676.0	1.0000000000000002
677.0	1.0
678.0	1.0000000000000002
679.0	1.0
680.0	1.0
681.0	1.0000000000000002
682.0	1.0000000000000002
683.0	1.0000000000000002
684.0	0.9999999999999999
685.0	1.0
686.0	1.0
687.0	1.0000000000000002
688.0	1.0000000000000002
689.0	0.9999999999999999
690.0	1.0000000000000002
691.0	0.9999999999999999
692.0	1.0
693.0	1.0000000000000002
694.0	1.0000000000000002
695.0	1.0
696.0	1.0
697.0	1.0000000000000002
698.0	1.0000000000000002
699.0	1.0
700.0	1.0
701.0	1.0000000000000002
702.0	1.0
703.0	0.9999999999999998
704.0	1.0
705.0	1.0000000000000002
706.0	1.0000000000000002
707.0	1.0000000000000002
708.0	1.0000000000000002
709.0	1.0000000000000002
710.0	1.0
711.0	1.0000000000000002
712.0	1.0000000000000002
713.0	1.0000000000000002
714.0	1.0
715.0	1.0
716.0	1.0000000000000002
717.0	1.0000000000000002
718.0	0.9999999999999999
719.0	1.0
720.0	1.0000000000000002
721.0	0.9999999999999998
722.0	1.0000000000000004
723.0	0.9999999999999999
724.0	1.0000000000000002
725.0	1.0000000000000002
726.0	0.9999999999999999
727.0	1.0
728.0	1.0
729.0	1.0
730.0	1.0000000000000002
731.0	1.0000000000000002
732.0	1.0
733.0	1.0
734.0	1.0
735.0	1.0000000000000002
736.0	1.0
737.0	1.0000000000000002
738.0	0.9999999999999999
739.0	1.0000000000000002
740.0	1.0000000000000002
741.0	1.0000000000000002
742.0	0.9999999999999999
743.0	1.0
744.0	1.0000000000000002
745.0	1.0000000000000002
746.0	1.0000000000000002
747.0	1.0000000000000002
748.0	1.0
749.0	1.0000000000000002
750.0	1.0
751.0	1.0000000000000004
752.0	1.0
753.0	0.9999999999999999
754.0	1.0000000000000002
755.0	1.0000000000000004
756.0	1.0000000000000004
757.0	1.0000000000000002
758.0	1.0000000000000002
759.0	1.0000000000000002
760.0	0.9999999999999998
761.0	1.0
762.0	1.0000000000000002
763.0	1.0000000000000002
764.0	1.0000000000000002
765.0	1.0000000000000002
766.0	0.9999999999999999
767.0	1.0
768.0	1.0
769.0	1.0
770.0	1.0
771.0	1.0000000000000002
772.0	1.0000000000000002
773.0	1.0
774.0	1.0000000000000002
775.0	1.0000000000000002
776.0	1.0000000000000002
777.0	1.0
778.0	1.0000000000000002
779.0	1.0000000000000002
780.0	1.0000000000000004
781.0	1.0000000000000002
782.0	1.0
783.0	1.0000000000000002
784.0	0.9999999999999999
785.0	1.0000000000000002
786.0	1.0
787.0	1.0000000000000002
788.0	1.0000000000000002
789.0	0.9999999999999999
790.0	1.0
791.0	1.0
792.0	1.0
793.0	1.0000000000000002
794.0	0.9999999999999999
795.0	1.0
796.0	1.0000000000000002
797.0	0.9999999999999999
798.0	1.0000000000000002
799.0	1.0
800.0	1.0000000000000002
801.0	1.0000000000000002
802.0	1.0000000000000002
803.0	1.0
804.0	1.0
805.0	1.0000000000000002
806.0	1.0000000000000002
807.0	1.0000000000000002
808.0	1.0000000000000002
809.0	1.0
810.0	1.0
811.0	1.0000000000000002
812.0	1.0000000000000002
813.0	1.0000000000000002
814.0	0.9999999999999999
815.0	1.0
816.0	1.0000000000000002
817.0	1.0000000000000002
818.0	1.0000000000000004
819.0	1.0000000000000002
820.0	1.0
821.0	1.0000000000000002
822.0	1.0
823.0	1.0000000000000002
824.0	1.0000000000000004
825.0	0.9999999999999999
826.0	1.0000000000000002
827.0	1.0000000000000002
828.0	1.0
829.0	1.0000000000000002
830.0	1.0000000000000002
831.0	1.0000000000000002
832.0	1.0000000000000002
833.0	1.0000000000000002
834.0	0.9999999999999999
835.0	1.0
836.0	1.0000000000000002
837.0	1.0000000000000002
838.0	1.0000000000000004
839.0	1.0000000000000002
840.0	1.0
841.0	1.0
842.0	1.0000000000000002
843.0	1.0
844.0	1.0000000000000002
845.0	1.0
846.0	1.0
847.0	1.0000000000000002
848.0	1.0
849.0	1.0
850.0	1.0000000000000002
851.0	0.9999999999999998
852.0	1.0
853.0	1.0
854.0	1.0000000000000002
855.0	0.9999999999999999
856.0	1.0
857.0	1.0
858.0	1.0000000000000002
859.0	1.0000000000000002
860.0	1.0
861.0	1.0
862.0	1.0000000000000002
863.0	0.9999999999999999
864.0	1.0
865.0	1.0
866.0	1.0000000000000002
867.0	1.0
868.0	1.0000000000000004
869.0	1.0
870.0	1.0000000000000002
871.0	0.9999999999999999
872.0	1.0000000000000004
873.0	0.9999999999999999
874.0	0.9999999999999999
875.0	1.0
876.0	1.0000000000000002
877.0	1.0
878.0	1.0000000000000002
879.0	1.0000000000000002
880.0	0.9999999999999999
881.0	1.0
882.0	1.0000000000000002
883.0	1.0000000000000002
884.0	1.0
885.0	1.0
886.0	1.0
887.0	1.0000000000000004
888.0	1.0
889.0	1.0
890.0	1.0
891.0	1.0000000000000002
892.0	1.0000000000000002
893.0	1.0
894.0	1.0000000000000002
895.0	1.0000000000000002
896.0	0.9999999999999999
897.0	1.0
898.0	1.0
899.0	1.0000000000000002
900.0	0.9999999999999999
901.0	1.0
902.0	1.0
903.0	1.0000000000000002
904.0	0.9999999999999998
905.0	1.0000000000000004
906.0	1.0
907.0	1.0
908.0	1.0
909.0	1.0000000000000002
910.0	1.0000000000000002
911.0	1.0000000000000004
912.0	1.0
913.0	1.0
914.0	1.0000000000000002
915.0	0.9999999999999998
916.0	1.0000000000000002
917.0	1.0000000000000002
918.0	1.0
919.0	1.0000000000000002
920.0	1.0000000000000002
921.0	1.0
922.0	1.0000000000000002
923.0	1.0000000000000004
924.0	1.0
925.0	1.0000000000000004
926.0	1.0
927.0	1.0000000000000002
928.0	0.9999999999999998
929.0	1.0
930.0	1.0
931.0	1.0
932.0	1.0
933.0	1.0000000000000002
934.0	1.0000000000000002
935.0	1.0
936.0	1.0
937.0	1.0000000000000002
938.0	1.0000000000000002
939.0	1.0
940.0	1.0
941.0	1.0000000000000002
942.0	1.0000000000000002
943.0	1.0
944.0	1.0
945.0	1.0000000000000002
946.0	1.0000000000000002
947.0	0.9999999999999999
948.0	0.9999999999999999
949.0	1.0
950.0	1.0000000000000002
951.0	1.0000000000000002
952.0	1.0
953.0	1.0
954.0	1.0000000000000002
955.0	1.0000000000000004
956.0	1.0000000000000002
957.0	1.0
958.0	1.0
959.0	1.0000000000000002
960.0	0.9999999999999999
961.0	0.9999999999999999
962.0	1.0000000000000002
963.0	1.0000000000000002
964.0	0.9999999999999999
965.0	0.9999999999999999
966.0	1.0
967.0	1.0000000000000002
968.0	1.0000000000000002
969.0	0.9999999999999999
970.0	1.0
971.0	1.0
972.0	1.0000000000000002
973.0	1.0000000000000002
974.0	1.0
975.0	1.0000000000000002
976.0	1.0000000000000002
977.0	1.0000000000000002
978.0	1.0000000000000002
979.0	1.0
980.0	1.0
981.0	1.0000000000000002
982.0	1.0
983.0	1.0
984.0	1.0000000000000002
985.0	1.0000000000000002
986.0	0.9999999999999999
987.0	1.0
988.0	1.0
989.0	1.0000000000000002
990.0	0.9999999999999999
991.0	1.0
992.0	1.0000000000000002
993.0	1.0000000000000002
994.0	1.0000000000000002
995.0	1.0
996.0	1.0
997.0	1.0000000000000002
998.0	1.0
999.0	1.0
1000.0	1.0
1001.0	1.0000000000000002
1002.0	1.0
1003.0	1.0
1004.0	1.0000000000000002
1005.0	1.0000000000000002
1006.0	0.9999999999999999
1007.0	1.0
1008.0	1.0
1009.0	1.0
1010.0	1.0000000000000002
1011.0	1.0000000000000002
1012.0	1.0
1013.0	1.0000000000000002
1014.0	1.0000000000000002
1015.0	0.9999999999999999
1016.0	1.0
1017.0	1.0
1018.0	1.0
1019.0	0.9999999999999998
1020.0	1.0
1021.0	1.0000000000000002
1022.0	1.0
1023.0	1.0
1024.0	0.9999999999999998
1025.0	1.0
1026.0	1.0
1027.0	1.0000000000000004
1028.0	0.9999999999999999
1029.0	1.0000000000000004
1030.0	1.0
1031.0	1.0
1032.0	1.0
1033.0	1.0000000000000002
1034.0	1.0
1035.0	1.0
1036.0	1.0000000000000002
1037.0	1.0000000000000002
1038.0	1.0
1039.0	1.0000000000000002
1040.0	1.0000000000000002
1041.0	1.0
1042.0	1.0
1043.0	1.0
1044.0	1.0000000000000002
1045.0	1.0000000000000002
1046.0	1.0
1047.0	1.0
1048.0	1.0000000000000002
1049.0	1.0000000000000002
1050.0	1.0
1051.0	1.0
1052.0	1.0000000000000002
1053.0	1.0
1054.0	1.0000000000000002
1055.0	1.0000000000000002
1056.0	1.0000000000000002
1057.0	1.0000000000000004
1058.0	1.0000000000000004
1059.0	1.0
1060.0	1.0000000000000002
1061.0	1.0
1062.0	0.9999999999999998
1063.0	1.0
1064.0	1.0
1065.0	1.0
1066.0	1.0000000000000002
1067.0	1.0000000000000004
1068.0	1.0
1069.0	1.0
1070.0	1.0000000000000002
1071.0	1.0000000000000002
1072.0	1.0
1073.0	1.0
1074.0	1.0000000000000002
1075.0	1.0000000000000002
1076.0	1.0000000000000002
1077.0	1.0
1078.0	0.9999999999999999
1079.0	1.0000000000000004
1080.0	1.0000000000000002
1081.0	0.9999999999999999
1082.0	1.0
1083.0	1.0
1084.0	1.0000000000000002
1085.0	0.9999999999999999
1086.0	1.0
1087.0	1.0
1088.0	1.0000000000000002
1089.0	0.9999999999999999
1090.0	1.0
1091.0	1.0000000000000002
1092.0	1.0000000000000002
1093.0	0.9999999999999998
1094.0	1.0
1095.0	1.0000000000000002
1096.0	1.0
1097.0	1.0000000000000002
1098.0	1.0000000000000002
1099.0	1.0
1100.0	1.0
1101.0	1.0000000000000002
1102.0	1.0000000000000002
1103.0	1.0000000000000002
1104.0	0.9999999999999999
1105.0	1.0000000000000004
1106.0	1.0
1107.0	1.0000000000000002
1108.0	1.0000000000000002
1109.0	1.0000000000000002
1110.0	1.0
1111.0	1.0
1112.0	1.0000000000000002
1113.0	1.0
1114.0	1.0
1115.0	1.0000000000000002
1116.0	1.0000000000000002
1117.0	1.0000000000000002
1118.0	1.0
1119.0	1.0
1120.0	1.0000000000000002
1121.0	1.0
1122.0	1.0
1123.0	0.9999999999999998
1124.0	1.0000000000000002
1125.0	1.0
1126.0	1.0000000000000002
1127.0	1.0000000000000002
1128.0	1.0000000000000002
1129.0	1.0
1130.0	1.0
1131.0	1.0
1132.0	1.0000000000000002
1133.0	0.9999999999999999
1134.0	1.0000000000000004
1135.0	1.0
1136.0	0.9999999999999999
1137.0	1.0
1138.0	1.0
1139.0	1.0
1140.0	1.0000000000000002
1141.0	1.0
1142.0	1.0
1143.0	1.0
1144.0	0.9999999999999998
1145.0	1.0
1146.0	1.0
1147.0	1.0
1148.0	1.0000000000000002
1149.0	1.0000000000000002
1150.0	0.9999999999999999
1151.0	1.0
1152.0	1.0
1153.0	1.0
1154.0	1.0000000000000002
1155.0	1.0
1156.0	1.0
1157.0	1.0
1158.0	1.0000000000000002
1159.0	1.0
1160.0	1.0
1161.0	1.0
1162.0	1.0000000000000002
1163.0	1.0000000000000004
1164.0	1.0
1165.0	1.0
1166.0	1.0
1167.0	1.0000000000000002
1168.0	1.0
1169.0	1.0000000000000004
1170.0	1.0
1171.0	1.0000000000000002
1172.0	1.0000000000000002
1173.0	1.0000000000000004
1174.0	1.0
1175.0	1.0
1176.0	1.0000000000000002
1177.0	1.0000000000000002
1178.0	0.9999999999999999
1179.0	1.0
1180.0	1.0000000000000002
1181.0	1.0
1182.0	1.0
1183.0	1.0
1184.0	1.0000000000000002
1185.0	1.0000000000000002
1186.0	1.0000000000000002
1187.0	1.0
1188.0	1.0
1189.0	1.0
1190.0	0.9999999999999998
1191.0	1.0
1192.0	1.0
1193.0	1.0000000000000002
1194.0	0.9999999999999998
1195.0	1.0000000000000004
1196.0	1.0
1197.0	0.9999999999999998
1198.0	1.0
1199.0	1.0000000000000002
1200.0	1.0
1201.0	0.9999999999999999
1202.0	1.0
1203.0	1.0
1204.0	0.9999999999999998
1205.0	0.9999999999999999
1206.0	1.0
1207.0	1.0000000000000004
1208.0	1.0000000000000002
1209.0	1.0
1210.0	1.0000000000000004
1211.0	1.0
1212.0	1.0
1213.0	1.0000000000000002
1214.0	1.0000000000000002
1215.0	1.0000000000000002
1216.0	1.0
1217.0	1.0
1218.0	1.0000000000000002
1219.0	1.0000000000000002
1220.0	1.0000000000000004
1221.0	1.0
1222.0	1.0
1223.0	1.0000000000000002
1224.0	1.0
1225.0	1.0
1226.0	1.0000000000000002
1227.0	1.0000000000000002
1228.0	1.0000000000000004
1229.0	1.0
1230.0	1.0
1231.0	1.0
1232.0	1.0000000000000002
1233.0	1.0000000000000002
1234.0	1.0000000000000002
1235.0	0.9999999999999999
1236.0	1.0
1237.0	1.0000000000000002
1238.0	1.0000000000000002
1239.0	1.0
1240.0	1.0
1241.0	1.0000000000000002
1242.0	1.0000000000000002
1243.0	1.0
1244.0	1.0
1245.0	1.0
1246.0	1.0
1247.0	1.0000000000000002
1248.0	1.0000000000000004
1249.0	0.9999999999999998
1250.0	1.0
1251.0	1.0
1252.0	1.0000000000000004
1253.0	1.0
1254.0	1.0
1255.0	1.0000000000000002
1256.0	1.0000000000000002
1257.0	1.0000000000000002
1258.0	1.0000000000000004
1259.0	1.0000000000000004
1260.0	1.0000000000000002
1261.0	1.0
1262.0	1.0
1263.0	1.0000000000000002
1264.0	1.0000000000000002
1265.0	1.0000000000000002
1266.0	1.0000000000000002
1267.0	1.0
1268.0	1.0000000000000002
1269.0	1.0000000000000002
1270.0	1.0
1271.0	0.9999999999999998
1272.0	1.0000000000000004
1273.0	0.9999999999999999
1274.0	1.0
1275.0	1.0
1276.0	1.0000000000000002
1277.0	0.9999999999999999
1278.0	1.0
1279.0	1.0
1280.0	1.0
1281.0	1.0000000000000002
1282.0	1.0
1283.0	1.0
1284.0	1.0
1285.0	1.0000000000000002
1286.0	1.0
1287.0	1.0000000000000002
1288.0	1.0000000000000002
1289.0	0.9999999999999998
1290.0	1.0
1291.0	1.0000000000000002
1292.0	1.0000000000000002
1293.0	1.0000000000000002
1294.0	1.0000000000000002
1295.0	1.0
1296.0	1.0
1297.0	1.0
1298.0	1.0000000000000002
1299.0	0.9999999999999999
1300.0	1.0
1301.0	1.0000000000000002
1302.0	1.0000000000000002
1303.0	1.0000000000000004
1304.0	1.0
1305.0	1.0
1306.0	1.0
1307.0	0.9999999999999999
1308.0	1.0000000000000002
1309.0	0.9999999999999999
1310.0	1.0
1311.0	1.0000000000000004
1312.0	1.0000000000000002
1313.0	1.0000000000000002
1314.0	1.0
1315.0	1.0000000000000002
1316.0	1.0000000000000002
1317.0	1.0000000000000002
1318.0	1.0
1319.0	1.0000000000000002
1320.0	1.0
1321.0	1.0
1322.0	1.0000000000000004
1323.0	1.0000000000000002
1324.0	1.0
1325.0	1.0000000000000002
1326.0	0.9999999999999999
1327.0	0.9999999999999998
1328.0	1.0000000000000004
1329.0	1.0
1330.0	1.0000000000000002
1331.0	1.0000000000000002
1332.0	1.0000000000000002
1333.0	1.0
1334.0	1.0
1335.0	1.0000000000000002
1336.0	0.9999999999999999
1337.0	1.0
1338.0	1.0
1339.0	1.0
1340.0	1.0000000000000002
1341.0	1.0000000000000002
1342.0	0.9999999999999999
1343.0	1.0
1344.0	1.0000000000000002
1345.0	1.0000000000000002
1346.0	1.0
1347.0	1.0000000000000002
1348.0	1.0000000000000002
1349.0	1.0000000000000002
1350.0	0.9999999999999999
1351.0	1.0
1352.0	0.9999999999999999
1353.0	0.9999999999999998
1354.0	1.0
1355.0	1.0000000000000002
1356.0	1.0000000000000002
1357.0	1.0000000000000002
1358.0	1.0000000000000002
1359.0	1.0
1360.0	1.0000000000000002
1361.0	1.0000000000000004
1362.0	0.9999999999999999
1363.0	1.0
1364.0	1.0000000000000002
1365.0	1.0
1366.0	1.0000000000000002
1367.0	1.0000000000000002
1368.0	1.0
1369.0	1.0000000000000002
1370.0	1.0000000000000002
1371.0	1.0
1372.0	1.0
1373.0	1.0
1374.0	1.0000000000000002
1375.0	0.9999999999999997
1376.0	1.0
1377.0	1.0
1378.0	1.0
1379.0	1.0
1380.0	1.0
1381.0	1.0
1382.0	1.0
1383.0	1.0
1384.0	1.0000000000000004
1385.0	1.0
1386.0	1.0000000000000002
1387.0	1.0
1388.0	1.0
1389.0	1.0000000000000002
1390.0	1.0
1391.0	1.0000000000000002
1392.0	0.9999999999999999
1393.0	1.0000000000000002
1394.0	1.0
1395.0	1.0000000000000002
1396.0	1.0
1397.0	1.0
1398.0	1.0000000000000002
1399.0	1.0
1400.0	1.0
1401.0	1.0000000000000002
1402.0	0.9999999999999998
1403.0	0.9999999999999998
1404.0	0.9999999999999999
1405.0	1.0
1406.0	1.0000000000000004
1407.0	1.0
1408.0	1.0
1409.0	1.0
1410.0	1.0
1411.0	1.0
1412.0	1.0
1413.0	1.0000000000000002
1414.0	1.0
1415.0	1.0
1416.0	1.0000000000000004
1417.0	0.9999999999999998
1418.0	1.0000000000000002
1419.0	1.0
1420.0	1.0000000000000004
1421.0	1.0
1422.0	1.0000000000000004
1423.0	1.0
1424.0	1.0000000000000002
1425.0	0.9999999999999999
1426.0	1.0
1427.0	1.0000000000000002
1428.0	1.0
1429.0	1.0000000000000002
1430.0	1.0
1431.0	1.0000000000000004
1432.0	1.0
1433.0	1.0
1434.0	1.0
1435.0	1.0000000000000002
1436.0	1.0
1437.0	1.0000000000000004
1438.0	1.0000000000000002
1439.0	1.0000000000000002
1440.0	1.0000000000000002
1441.0	1.0000000000000002
1442.0	1.0
1443.0	1.0000000000000002
1444.0	0.9999999999999999
1445.0	1.0000000000000002
1446.0	0.9999999999999999
1447.0	1.0000000000000004
1448.0	0.9999999999999999
1449.0	1.0000000000000004
1450.0	1.0000000000000002
1451.0	0.9999999999999999
1452.0	1.0
1453.0	1.0000000000000002
1454.0	1.0
1455.0	1.0000000000000004
1456.0	1.0000000000000002
1457.0	1.0000000000000002
1458.0	1.0
1459.0	1.0000000000000002
1460.0	1.0
1461.0	1.0000000000000002
1462.0	1.0000000000000002
1463.0	1.0
1464.0	1.0000000000000002
1465.0	1.0
1466.0	1.0000000000000002
1467.0	1.0
1468.0	1.0
1469.0	1.0000000000000002
1470.0	1.0000000000000002
1471.0	1.0000000000000002
1472.0	1.0
1473.0	1.0
1474.0	1.0000000000000004
1475.0	1.0000000000000002
1476.0	1.0
1477.0	1.0
1478.0	1.0
1479.0	1.0
1480.0	1.0000000000000002
1481.0	1.0
1482.0	1.0000000000000002
1483.0	1.0000000000000002
1484.0	1.0000000000000002
1485.0	1.0000000000000002
1486.0	1.0000000000000002
1487.0	1.0000000000000002
1488.0	1.0
1489.0	1.0
1490.0	1.0
1491.0	0.9999999999999999
1492.0	0.9999999999999999
1493.0	1.0000000000000002
1494.0	1.0000000000000002
1495.0	1.0
1496.0	1.0
1497.0	0.9999999999999999
1498.0	1.0
1499.0	1.0
1500.0	1.0000000000000002
1501.0	1.0
1502.0	1.0000000000000004
1503.0	1.0000000000000002
1504.0	1.0000000000000002
1505.0	1.0
1506.0	1.0
1507.0	1.0
1508.0	1.0000000000000002
1509.0	1.0
1510.0	1.0000000000000007
1511.0	1.0
1512.0	0.9999999999999999
1513.0	1.0000000000000002
1514.0	1.0000000000000002
1515.0	1.0000000000000002
1516.0	1.0
1517.0	1.0
1518.0	1.0
1519.0	1.0000000000000004
1520.0	1.0000000000000002
1521.0	1.0000000000000002
1522.0	1.0000000000000004
1523.0	1.0000000000000002
1524.0	1.0
1525.0	1.0
1526.0	1.0
1527.0	1.0000000000000002
1528.0	0.9999999999999999
1529.0	1.0
1530.0	1.0000000000000002
1531.0	1.0
1532.0	1.0000000000000004
1533.0	0.9999999999999998
1534.0	1.0000000000000002
1535.0	1.0000000000000002
1536.0	1.0000000000000002
1537.0	1.0
1538.0	1.0000000000000002
1539.0	1.0000000000000004
1540.0	1.0000000000000002
1541.0	1.0000000000000002
1542.0	1.0
1543.0	1.0
1544.0	1.0
1545.0	1.0000000000000002
1546.0	1.0000000000000002
1547.0	1.0000000000000002
1548.0	1.0000000000000004
1549.0	1.0
1550.0	1.0000000000000004
1551.0	0.9999999999999998
1552.0	1.0000000000000002
1553.0	1.0
1554.0	0.9999999999999999
1555.0	1.0000000000000002
1556.0	1.0
1557.0	1.0000000000000002
1558.0	1.0000000000000004
1559.0	1.0000000000000002
1560.0	0.9999999999999998
1561.0	1.0
1562.0	1.0000000000000004
1563.0	1.0000000000000002
1564.0	1.0000000000000002
1565.0	1.0000000000000002
1566.0	1.0
1567.0	1.0
1568.0	1.0
1569.0	1.0
1570.0	1.0
1571.0	1.0
1572.0	1.0
1573.0	1.0
1574.0	1.0
1575.0	1.0
1576.0	0.9999999999999998
1577.0	1.0
1578.0	1.0000000000000002
1579.0	1.0
1580.0	1.0
1581.0	0.9999999999999999
1582.0	1.0
1583.0	1.0000000000000002
1584.0	1.0
1585.0	1.0
1586.0	1.0
1587.0	1.0
1588.0	1.0
1589.0	1.0000000000000002
1590.0	1.0
1591.0	1.0
1592.0	1.0000000000000004
1593.0	1.0000000000000002
1594.0	1.0
1595.0	1.0
1596.0	0.9999999999999999
1597.0	1.0000000000000002
1598.0	1.0000000000000002
1599.0	1.0
1600.0	1.0
1601.0	1.0
1602.0	1.0
1603.0	0.9999999999999999
1604.0	1.0000000000000002
1605.0	1.0
1606.0	0.9999999999999999
1607.0	1.0000000000000002
1608.0	1.0
1609.0	1.0
1610.0	1.0
1611.0	1.0
1612.0	0.9999999999999999
1613.0	1.0
1614.0	1.0000000000000004
1615.0	1.0
1616.0	1.0000000000000002
1617.0	1.0000000000000002
1618.0	1.0000000000000002
1619.0	0.9999999999999999
1620.0	1.0000000000000004
1621.0	1.0000000000000002
1622.0	1.0
1623.0	1.0000000000000002
1624.0	1.0
1625.0	1.0000000000000002
1626.0	1.0000000000000002
1627.0	1.0
1628.0	1.0000000000000002
1629.0	1.0
1630.0	1.0
1631.0	1.0000000000000002
1632.0	1.0000000000000002
1633.0	1.0000000000000002
1634.0	1.0
1635.0	1.0000000000000002
1636.0	1.0000000000000002
1637.0	1.0
1638.0	1.0
1639.0	1.0000000000000002
1640.0	1.0
1641.0	1.0000000000000002
1642.0	1.0000000000000002
1643.0	1.0
1644.0	1.0000000000000002
1645.0	1.0
1646.0	1.0000000000000004
1647.0	0.9999999999999998
1648.0	1.0
1649.0	1.0000000000000002
1650.0	1.0
1651.0	1.0000000000000004
1652.0	1.0000000000000002
1653.0	1.0
1654.0	1.0
1655.0	1.0
1656.0	1.0
1657.0	1.0000000000000002
1658.0	1.0
1659.0	1.0000000000000004
1660.0	1.0
1661.0	0.9999999999999999
1662.0	1.0
1663.0	1.0000000000000002
1664.0	1.0000000000000002
1665.0	1.0
1666.0	1.0000000000000004
1667.0	1.0
1668.0	1.0000000000000002
1669.0	1.0000000000000002
1670.0	1.0
1671.0	1.0000000000000002
1672.0	1.0
1673.0	1.0
1674.0	1.0000000000000002
1675.0	1.0000000000000002
1676.0	1.0
1677.0	1.0000000000000002
1678.0	1.0
1679.0	1.0000000000000002
1680.0	1.0
1681.0	1.0000000000000002
1682.0	1.0
1683.0	1.0
1684.0	1.0
1685.0	1.0000000000000002
1686.0	1.0000000000000002
1687.0	1.0000000000000002
1688.0	1.0
1689.0	0.9999999999999999
1690.0	1.0
1691.0	1.0000000000000002
1692.0	1.0000000000000002
1693.0	1.0
1694.0	0.9999999999999998
1695.0	1.0
1696.0	1.0000000000000004
1697.0	1.0000000000000002
1698.0	1.0000000000000004
1699.0	0.9999999999999999
1700.0	1.0000000000000004
1701.0	1.0000000000000002
1702.0	1.0000000000000004
1703.0	0.9999999999999999
1704.0	1.0
1705.0	1.0000000000000002
1706.0	1.0
1707.0	1.0000000000000002
1708.0	1.0
1709.0	1.0000000000000002
1710.0	1.0
1711.0	1.0000000000000002
1712.0	1.0
1713.0	1.0000000000000002
1714.0	1.0
1715.0	1.0000000000000002
1716.0	1.0
1717.0	1.0000000000000004
1718.0	1.0
1719.0	1.0
1720.0	1.0000000000000004
1721.0	1.0
1722.0	1.0000000000000004
1723.0	1.0
1724.0	1.0000000000000002
1725.0	0.9999999999999999
1726.0	1.0000000000000002
1727.0	1.0
1728.0	1.0000000000000002
1729.0	1.0
1730.0	1.0
1731.0	1.0
1732.0	1.0000000000000002
1733.0	1.0
1734.0	1.0
1735.0	1.0
1736.0	1.0000000000000002
1737.0	1.0000000000000002
1738.0	1.0
1739.0	0.9999999999999999
1740.0	1.0
1741.0	1.0
1742.0	1.0
1743.0	1.0
1744.0	0.9999999999999998
1745.0	1.0
1746.0	1.0000000000000002
1747.0	1.0000000000000004
1748.0	1.0000000000000002
1749.0	1.0
1750.0	1.0000000000000002
1751.0	1.0
1752.0	1.0
1753.0	0.9999999999999999
1754.0	1.0000000000000002
1755.0	1.0000000000000004
1756.0	1.0000000000000002
1757.0	1.0
1758.0	1.0
1759.0	1.0000000000000002
1760.0	1.0
1761.0	1.0000000000000002
1762.0	1.0
1763.0	1.0000000000000002
1764.0	1.0
1765.0	1.0000000000000002
1766.0	1.0
1767.0	1.0000000000000002
1768.0	1.0
1769.0	1.0000000000000002
1770.0	1.0
1771.0	1.0000000000000002
1772.0	0.9999999999999999
1773.0	1.0
1774.0	1.0000000000000002
1775.0	1.0000000000000004
1776.0	1.0
1777.0	1.0000000000000004
1778.0	1.0
1779.0	1.0000000000000002
1780.0	1.0
1781.0	1.0000000000000002
1782.0	1.0
1783.0	1.0
1784.0	1.0000000000000002
1785.0	1.0
1786.0	1.0000000000000002
1787.0	1.0
1788.0	1.0000000000000002
1789.0	1.0000000000000004
1790.0	1.0
1791.0	1.0000000000000004
1792.0	1.0000000000000004
1793.0	1.0000000000000004
1794.0	0.9999999999999999
1795.0	1.0
1796.0	1.0000000000000002
1797.0	1.0000000000000002
1798.0	1.0
1799.0	1.0000000000000002
1800.0	1.0000000000000004
1801.0	1.0000000000000002
1802.0	0.9999999999999998
1803.0	1.0
1804.0	1.0000000000000002
1805.0	1.0
1806.0	1.0000000000000002
1807.0	1.0000000000000002
1808.0	1.0
1809.0	1.0000000000000002
1810.0	1.0
1811.0	1.0000000000000002
1812.0	1.0000000000000004
1813.0	1.0
1814.0	1.0000000000000002
1815.0	1.0000000000000004
1816.0	1.0
1817.0	1.0000000000000004
1818.0	1.0
1819.0	1.0000000000000002
1820.0	1.0000000000000004
1821.0	1.0
1822.0	1.0
1823.0	1.0000000000000004
1824.0	1.0
1825.0	1.0
1826.0	1.0
1827.0	1.0000000000000002
1828.0	1.0
1829.0	1.0
1830.0	1.0000000000000004
1831.0	1.0000000000000004
1832.0	1.0
1833.0	1.0000000000000004
1834.0	1.0
1835.0	1.0000000000000002
1836.0	1.0000000000000002
1837.0	1.0
1838.0	1.0000000000000002
1839.0	1.0000000000000002
1840.0	1.0
1841.0	1.0
1842.0	0.9999999999999998
1843.0	1.0
1844.0	1.0000000000000002
1845.0	1.0000000000000002
1846.0	1.0
1847.0	1.0
1848.0	1.0
1849.0	1.0
1850.0	1.0000000000000004
1851.0	0.9999999999999999
1852.0	1.0000000000000002
1853.0	1.0000000000000002
1854.0	1.0
1855.0	1.0
1856.0	1.0000000000000004
1857.0	1.0
1858.0	1.0000000000000002
1859.0	1.0000000000000004
1860.0	1.0
1861.0	1.0000000000000002
1862.0	1.0000000000000002
1863.0	1.0
1864.0	1.0000000000000002
1865.0	1.0
1866.0	1.0
1867.0	1.0000000000000002
1868.0	1.0
1869.0	1.0000000000000002
1870.0	1.0000000000000004
1871.0	1.0
1872.0	1.0000000000000004
1873.0	1.0
1874.0	1.0
1875.0	1.0000000000000004
1876.0	1.0
1877.0	1.0
1878.0	1.0000000000000004
1879.0	1.0
1880.0	1.0000000000000002
1881.0	1.0000000000000004
1882.0	1.0
1883.0	1.0
1884.0	1.0
1885.0	1.0
1886.0	0.9999999999999998
1887.0	1.0
1888.0	1.0000000000000002
1889.0	1.0
1890.0	1.0
1891.0	1.0000000000000002
1892.0	1.0000000000000002
1893.0	1.0
1894.0	1.0
1895.0	1.0000000000000004
1896.0	1.0
1897.0	1.0000000000000004
1898.0	1.0000000000000004
1899.0	1.0
1900.0	1.0000000000000002
1901.0	1.0
1902.0	1.0000000000000002
1903.0	1.0000000000000002
1904.0	1.0000000000000004
1905.0	1.0
1906.0	1.0
1907.0	1.0000000000000002
1908.0	1.0
1909.0	1.0
1910.0	1.0
1911.0	0.9999999999999999
1912.0	1.0
1913.0	1.0000000000000002
1914.0	1.0000000000000004
1915.0	1.0
1916.0	1.0000000000000002
1917.0	1.0000000000000004
1918.0	1.0
1919.0	1.0000000000000002
1920.0	1.0
1921.0	1.0000000000000002
1922.0	1.0000000000000004
1923.0	1.0
1924.0	1.0
1925.0	1.0000000000000002
1926.0	1.0
1927.0	1.0
1928.0	1.0000000000000004
1929.0	1.0000000000000004
1930.0	1.0
1931.0	1.0000000000000002
1932.0	1.0000000000000002
1933.0	1.0
1934.0	1.0000000000000002
1935.0	1.0
1936.0	1.0
1937.0	1.0
1938.0	1.0000000000000002
1939.0	1.0
1940.0	1.0
1941.0	1.0
1942.0	1.0000000000000002
1943.0	1.0
1944.0	1.0
1945.0	1.0000000000000002
1946.0	1.0
1947.0	1.0
1948.0	1.0000000000000002
1949.0	1.0
1950.0	1.0000000000000002
1951.0	1.0000000000000002
1952.0	1.0
1953.0	1.0
1954.0	1.0000000000000002
1955.0	1.0000000000000002
1956.0	1.0000000000000002
1957.0	1.0
1958.0	1.0000000000000004
1959.0	1.0
1960.0	1.0
1961.0	1.0000000000000002
1962.0	1.0000000000000004
1963.0	1.0
1964.0	1.0
1965.0	1.0000000000000004
1966.0	1.0000000000000004
1967.0	1.0
1968.0	1.0000000000000004
1969.0	1.0
1970.0	1.0
1971.0	1.0
1972.0	1.0000000000000002
1973.0	1.0
1974.0	1.0
1975.0	1.0000000000000002
1976.0	1.0
1977.0	0.9999999999999999
1978.0	1.0000000000000002
1979.0	1.0000000000000002
1980.0	0.9999999999999998
1981.0	1.0
1982.0	1.0
1983.0	1.0
1984.0	1.0
1985.0	1.0
1986.0	1.0000000000000002
1987.0	1.0
1988.0	1.0
1989.0	1.0000000000000002
1990.0	1.0000000000000002
1991.0	1.0
1992.0	1.0000000000000002
1993.0	1.0000000000000002
1994.0	0.9999999999999998
1995.0	1.0000000000000002
1996.0	1.0000000000000004
1997.0	1.0000000000000004
1998.0	1.0
1999.0	1.0
2000.0	1.0000000000000002
2001.0	1.0
2002.0	1.0
2003.0	1.0000000000000002
2004.0	1.0
2005.0	1.0
2006.0	1.0000000000000002
2007.0	1.0
2008.0	1.0
2009.0	1.0000000000000002
2010.0	1.0000000000000004
2011.0	1.0
2012.0	1.0000000000000002
2013.0	1.0
2014.0	1.0000000000000002
2015.0	1.0000000000000002
2016.0	0.9999999999999999
2017.0	1.0
2018.0	1.0000000000000002
2019.0	1.0000000000000004
2020.0	1.0
2021.0	1.0000000000000002
2022.0	1.0000000000000002
2023.0	1.0
2024.0	1.0
2025.0	1.0000000000000002
2026.0	1.0000000000000002
2027.0	1.0
2028.0	1.0
2029.0	1.0000000000000004
2030.0	1.0000000000000004
2031.0	1.0000000000000002
2032.0	1.0000000000000002
2033.0	1.0000000000000004
2034.0	0.9999999999999999
2035.0	1.0
2036.0	1.0000000000000004
2037.0	1.0000000000000004
2038.0	1.0
2039.0	1.0
2040.0	1.0000000000000002
2041.0	1.0
2042.0	1.0000000000000002
2043.0	1.0000000000000002
2044.0	1.0000000000000004
2045.0	1.0
2046.0	1.0000000000000002
2047.0	1.0000000000000004
2048.0	1.0
2049.0	1.0
2050.0	1.0000000000000004
2051.0	1.0000000000000004
2052.0	1.0
2053.0	1.0000000000000002
2054.0	1.0
2055.0	1.0
2056.0	1.0
2057.0	0.9999999999999998
2058.0	1.0
2059.0	1.0
2060.0	1.0
2061.0	1.0000000000000002
2062.0	1.0
2063.0	1.0
2064.0	1.0
2065.0	1.0000000000000002
2066.0	0.9999999999999999
2067.0	1.0
2068.0	1.0
2069.0	1.0000000000000002
2070.0	1.0
2071.0	1.0
2072.0	1.0000000000000002
2073.0	1.0000000000000002
2074.0	1.0000000000000002
2075.0	1.0
2076.0	1.0
2077.0	1.0
2078.0	1.0
2079.0	1.0
2080.0	1.0000000000000002
2081.0	1.0000000000000004
2082.0	1.0
2083.0	1.0000000000000002
2084.0	0.9999999999999999
2085.0	0.9999999999999999
2086.0	1.0000000000000002
2087.0	1.0000000000000002
2088.0	1.0000000000000004
2089.0	1.0
2090.0	1.0000000000000002
2091.0	1.0000000000000002
2092.0	1.0
2093.0	1.0
2094.0	1.0000000000000004
2095.0	1.0000000000000004
2096.0	1.0
2097.0	1.0000000000000002
2098.0	1.0000000000000004
2099.0	1.0
2100.0	1.0
2101.0	1.0
2102.0	1.0000000000000002
2103.0	1.0
2104.0	1.0000000000000002
2105.0	1.0000000000000002
2106.0	1.0000000000000002
2107.0	1.0000000000000002
2108.0	1.0000000000000002
2109.0	1.0
2110.0	1.0
2111.0	1.0
2112.0	1.0
2113.0	1.0
2114.0	1.0000000000000002
2115.0	1.0000000000000002
2116.0	1.0
2117.0	1.0
2118.0	1.0000000000000002
2119.0	1.0
2120.0	1.0
2121.0	1.0000000000000002
2122.0	0.9999999999999999
2123.0	1.0
2124.0	1.0
2125.0	1.0000000000000004
2126.0	1.0000000000000002
2127.0	0.9999999999999999
2128.0	1.0
2129.0	1.0000000000000002
2130.0	1.0000000000000002
2131.0	1.0
2132.0	1.0
2133.0	1.0000000000000002
2134.0	1.0000000000000002
2135.0	1.0
2136.0	1.0
2137.0	1.0000000000000002
2138.0	1.0
2139.0	1.0000000000000002
2140.0	1.0000000000000002
2141.0	1.0
2142.0	1.0
2143.0	1.0000000000000002
2144.0	1.0000000000000004
2145.0	1.0
2146.0	1.0000000000000002
2147.0	1.0
2148.0	1.0
2149.0	1.0
2150.0	1.0
2151.0	1.0
2152.0	1.0000000000000002
2153.0	1.0
2154.0	1.0
2155.0	1.0000000000000002
2156.0	1.0000000000000004
2157.0	1.0
2158.0	1.0000000000000002
2159.0	1.0000000000000004
2160.0	1.0
2161.0	1.0
2162.0	1.0
2163.0	1.0
2164.0	1.0000000000000002
2165.0	1.0
2166.0	1.0000000000000002
2167.0	0.9999999999999999
2168.0	1.0
2169.0	1.0000000000000002
2170.0	1.0
2171.0	1.0
2172.0	1.0000000000000002
2173.0	1.0000000000000004
2174.0	1.0
2175.0	1.0000000000000002
2176.0	1.0
2177.0	1.0
2178.0	1.0000000000000004
2179.0	1.0000000000000004
2180.0	1.0
2181.0	1.0000000000000002
2182.0	1.0
2183.0	1.0000000000000002
2184.0	1.0000000000000002
2185.0	1.0
2186.0	1.0000000000000002
2187.0	1.0
2188.0	1.0000000000000002
2189.0	1.0000000000000002
2190.0	1.0
2191.0	1.0000000000000002
2192.0	1.0000000000000004
2193.0	1.0
2194.0	1.0000000000000002
2195.0	1.0
2196.0	1.0
2197.0	1.0000000000000004
2198.0	1.0000000000000002
2199.0	1.0
2200.0	1.0000000000000002
2201.0	1.0
2202.0	1.0000000000000002
2203.0	1.0000000000000002
2204.0	1.0
2205.0	1.0000000000000002
2206.0	1.0
2207.0	1.0
2208.0	1.0000000000000002
2209.0	1.0
2210.0	1.0000000000000002
2211.0	1.0
2212.0	1.0
2213.0	1.0
2214.0	1.0000000000000002
2215.0	1.0000000000000004
2216.0	1.0
2217.0	1.0
2218.0	1.0
2219.0	1.0
2220.0	1.0000000000000002
2221.0	1.0
2222.0	1.0000000000000002
2223.0	1.0
2224.0	1.0000000000000002
2225.0	1.0000000000000004
2226.0	1.0
2227.0	1.0000000000000002
2228.0	1.0
2229.0	1.0000000000000002
2230.0	1.0
2231.0	1.0
2232.0	1.0
2233.0	1.0
2234.0	1.0000000000000002
2235.0	1.0
2236.0	1.0000000000000002
2237.0	0.9999999999999999
2238.0	1.0
2239.0	1.0
2240.0	1.0000000000000002
2241.0	1.0
2242.0	1.0
2243.0	1.0000000000000004
2244.0	1.0
2245.0	1.0000000000000002
2246.0	1.0
2247.0	1.0000000000000002
2248.0	1.0
2249.0	1.0000000000000002
2250.0	1.0000000000000004
2251.0	1.0
2252.0	1.0000000000000002
2253.0	1.0
2254.0	1.0
2255.0	1.0
2256.0	1.0
2257.0	1.0000000000000002
2258.0	1.0
2259.0	1.0000000000000002
2260.0	1.0
2261.0	1.0000000000000002
2262.0	1.0
2263.0	1.0
2264.0	1.0
2265.0	1.0000000000000004
2266.0	1.0
2267.0	1.0000000000000004
2268.0	1.0
2269.0	0.9999999999999999
2270.0	1.0
2271.0	0.9999999999999999
2272.0	1.0
2273.0	1.0
2274.0	1.0000000000000002
2275.0	1.0000000000000004
2276.0	1.0000000000000002
2277.0	1.0000000000000002
2278.0	1.0
2279.0	1.0
2280.0	1.0000000000000004
2281.0	0.9999999999999998
2282.0	1.0
2283.0	1.0
2284.0	1.0
2285.0	1.0000000000000002
2286.0	1.0
2287.0	1.0
2288.0	1.0000000000000002
2289.0	1.0
2290.0	1.0000000000000004
2291.0	1.0000000000000002
2292.0	1.0
2293.0	1.0000000000000002
2294.0	1.0
2295.0	1.0000000000000002
2296.0	1.0000000000000002
2297.0	1.0
2298.0	1.0000000000000002
2299.0	1.0000000000000002
2300.0	1.0000000000000004
2301.0	0.9999999999999998
2302.0	1.0
2303.0	0.9999999999999998
2304.0	1.0000000000000004
2305.0	1.0000000000000002
2306.0	1.0
2307.0	1.0000000000000004
2308.0	1.0
2309.0	1.0
2310.0	1.0000000000000004
2311.0	1.0000000000000002
2312.0	1.0
2313.0	1.0
2314.0	1.0000000000000002
2315.0	1.0
2316.0	1.0000000000000004
2317.0	1.0000000000000002
2318.0	1.0
2319.0	1.0
2320.0	1.0000000000000004
2321.0	1.0
2322.0	1.0000000000000004
2323.0	1.0000000000000002
2324.0	1.0
2325.0	1.0
2326.0	1.0
2327.0	1.0
2328.0	1.0
2329.0	1.0000000000000004
2330.0	0.9999999999999999
2331.0	1.0
2332.0	1.0
2333.0	1.0000000000000002
2334.0	0.9999999999999999
2335.0	1.0
2336.0	1.0
2337.0	1.0000000000000004
2338.0	1.0000000000000002
2339.0	1.0000000000000002
2340.0	1.0
2341.0	1.0
2342.0	1.0000000000000002
2343.0	0.9999999999999997
2344.0	1.0
2345.0	1.0000000000000002
2346.0	1.0000000000000002
2347.0	0.9999999999999999
2348.0	1.0000000000000002
2349.0	1.0
2350.0	1.0
2351.0	1.0000000000000002
2352.0	1.0000000000000002
2353.0	1.0
2354.0	1.0000000000000002
2355.0	1.0
2356.0	1.0
2357.0	1.0000000000000004
2358.0	1.0000000000000002
2359.0	1.0000000000000002
2360.0	1.0
2361.0	1.0
2362.0	0.9999999999999999
2363.0	0.9999999999999999
2364.0	1.0000000000000004
2365.0	1.0000000000000002
2366.0	1.0000000000000002
2367.0	1.0
2368.0	1.0
2369.0	1.0000000000000002
2370.0	1.0000000000000002
2371.0	1.0000000000000002
2372.0	1.0
2373.0	0.9999999999999999
2374.0	1.0000000000000004
2375.0	0.9999999999999999
2376.0	1.0
2377.0	1.0
2378.0	1.0000000000000002
2379.0	1.0
2380.0	1.0
2381.0	1.0
2382.0	1.0000000000000002
2383.0	0.9999999999999998
2384.0	1.0000000000000002
2385.0	1.0
2386.0	1.0
2387.0	0.9999999999999999
2388.0	1.0000000000000004
2389.0	1.0000000000000002
2390.0	1.0000000000000002
2391.0	1.0
2392.0	1.0
2393.0	1.0000000000000004
2394.0	1.0
2395.0	1.0000000000000004
2396.0	1.0000000000000002
2397.0	0.9999999999999999
2398.0	1.0000000000000002
2399.0	1.0
2400.0	1.0
2401.0	1.0
2402.0	1.0000000000000002
2403.0	1.0
2404.0	1.0000000000000004
2405.0	0.9999999999999998
2406.0	1.0000000000000004
2407.0	1.0000000000000002
2408.0	1.0000000000000002
2409.0	1.0000000000000002
2410.0	1.0000000000000002
2411.0	1.0
2412.0	1.0
2413.0	1.0000000000000002
2414.0	1.0
2415.0	0.9999999999999999
2416.0	1.0
2417.0	1.0000000000000004
2418.0	1.0000000000000002
2419.0	1.0000000000000002
2420.0	1.0000000000000002
2421.0	1.0
2422.0	1.0
2423.0	1.0
2424.0	1.0000000000000002
2425.0	1.0
2426.0	1.0000000000000002
2427.0	1.0000000000000002
2428.0	1.0000000000000004
2429.0	1.0
2430.0	1.0000000000000002
2431.0	1.0
2432.0	1.0000000000000002
2433.0	1.0000000000000002
2434.0	1.0
2435.0	1.0000000000000002
2436.0	1.0
2437.0	1.0000000000000002
2438.0	1.0000000000000002
2439.0	1.0000000000000002
2440.0	1.0000000000000002
2441.0	1.0
2442.0	1.0000000000000002
2443.0	1.0
2444.0	1.0
2445.0	1.0000000000000002
2446.0	1.0
2447.0	1.0000000000000002
2448.0	1.0
2449.0	1.0
2450.0	1.0
2451.0	0.9999999999999999
2452.0	1.0000000000000004
2453.0	0.9999999999999999
2454.0	1.0000000000000004
2455.0	1.0000000000000002
2456.0	0.9999999999999998
2457.0	1.0000000000000002
2458.0	1.0
2459.0	0.9999999999999998
2460.0	1.0000000000000002
2461.0	1.0
2462.0	1.0
2463.0	1.0
2464.0	1.0
2465.0	1.0
2466.0	1.0
2467.0	1.0
2468.0	1.0000000000000004
2469.0	0.9999999999999999
2470.0	1.0
2471.0	1.0000000000000004
2472.0	0.9999999999999998
2473.0	1.0000000000000004
2474.0	1.0000000000000004
2475.0	1.0000000000000002
2476.0	1.0000000000000002
2477.0	1.0000000000000002
2478.0	0.9999999999999998
2479.0	1.0000000000000002
2480.0	1.0000000000000002
2481.0	1.0000000000000002
2482.0	1.0000000000000002
2483.0	1.0
2484.0	1.0000000000000002
2485.0	1.0000000000000002
2486.0	1.0
2487.0	1.0000000000000004
2488.0	0.9999999999999999
2489.0	1.0
2490.0	1.0
2491.0	0.9999999999999999
2492.0	1.0000000000000004
2493.0	1.0000000000000002
2494.0	1.0000000000000002
2495.0	1.0000000000000002
2496.0	1.0000000000000002
2497.0	1.0000000000000002
2498.0	1.0000000000000002
2499.0	1.0000000000000002
2500.0	1.0000000000000002
2501.0	1.0000000000000002
2502.0	1.0
2503.0	1.0
2504.0	1.0000000000000004
2505.0	1.0
2506.0	1.0
2507.0	1.0
2508.0	1.0000000000000004
2509.0	0.9999999999999998
2510.0	1.0
2511.0	1.0
2512.0	1.0
2513.0	1.0
2514.0	1.0
2515.0	1.0
2516.0	1.0
2517.0	0.9999999999999999
2518.0	1.0
2519.0	1.0
2520.0	1.0000000000000004
2521.0	1.0000000000000004
2522.0	1.0000000000000002
2523.0	1.0000000000000002
2524.0	0.9999999999999998
2525.0	1.0000000000000002
2526.0	0.9999999999999998
2527.0	1.0000000000000004
2528.0	1.0
2529.0	0.9999999999999998
2530.0	1.0
2531.0	1.0
2532.0	1.0
2533.0	1.0
2534.0	1.0
2535.0	1.0000000000000002
2536.0	0.9999999999999998
2537.0	1.0000000000000002
2538.0	1.0000000000000002
2539.0	1.0000000000000002
2540.0	1.0000000000000002
2541.0	1.0000000000000004
2542.0	0.9999999999999998
2543.0	1.0
2544.0	1.0
2545.0	1.0
2546.0	1.0000000000000004
2547.0	1.0
2548.0	1.0
2549.0	1.0
2550.0	1.0
2551.0	0.9999999999999998
2552.0	1.0
2553.0	1.0000000000000002
2554.0	0.9999999999999998
2555.0	1.0000000000000002
2556.0	1.0000000000000004
2557.0	1.0000000000000002
2558.0	1.0000000000000002
2559.0	1.0
2560.0	0.9999999999999999
2561.0	1.0
2562.0	1.0
2563.0	1.0
2564.0	1.0000000000000004
2565.0	0.9999999999999999
2566.0	1.0000000000000004
2567.0	1.0
2568.0	1.0
2569.0	1.0000000000000002
2570.0	1.0
2571.0	1.0000000000000002
2572.0	1.0
2573.0	1.0
2574.0	1.0
2575.0	1.0
2576.0	1.0000000000000004
2577.0	0.9999999999999998
2578.0	1.0000000000000004
2579.0	1.0000000000000002
2580.0	1.0000000000000002
2581.0	1.0000000000000002
2582.0	1.0
2583.0	1.0000000000000002
2584.0	1.0
2585.0	1.0
2586.0	1.0
2587.0	1.0000000000000004
2588.0	0.9999999999999999
2589.0	1.0000000000000004
2590.0	0.9999999999999998
2591.0	1.0000000000000002
2592.0	1.0000000000000002
2593.0	1.0
2594.0	1.0
2595.0	1.0
2596.0	1.0
2597.0	1.0
2598.0	1.0000000000000004
2599.0	1.0
2600.0	1.0000000000000004
2601.0	0.9999999999999998
2602.0	0.9999999999999998
2603.0	1.0000000000000002
2604.0	1.0000000000000002
2605.0	1.0000000000000002
2606.0	1.0000000000000002
2607.0	1.0
2608.0	1.0
2609.0	1.0
2610.0	1.0
2611.0	1.0
2612.0	1.0000000000000004
2613.0	1.0
2614.0	1.0000000000000004
2615.0	1.0000000000000002
2616.0	1.0000000000000002
2617.0	1.0000000000000002
2618.0	1.0
2619.0	1.0
2620.0	1.0
2621.0	0.9999999999999999
2622.0	1.0000000000000002
2623.0	1.0000000000000002
2624.0	0.9999999999999999
2625.0	0.9999999999999998
2626.0	0.9999999999999999
2627.0	1.0
2628.0	1.0000000000000002
2629.0	1.0
2630.0	1.0
2631.0	1.0
2632.0	1.0
2633.0	1.0
2634.0	1.0000000000000004
2635.0	0.9999999999999998
2636.0	1.0000000000000002
2637.0	1.0000000000000002
2638.0	1.0
2639.0	1.0000000000000002
2640.0	1.0000000000000002
2641.0	1.0000000000000002
2642.0	1.0
2643.0	1.0
2644.0	1.0
2645.0	1.0
2646.0	1.0
2647.0	1.0
2648.0	1.0
2649.0	1.0000000000000002
2650.0	0.9999999999999998
2651.0	1.0000000000000002
2652.0	1.0
2653.0	1.0
2654.0	1.0
2655.0	1.0
2656.0	1.0000000000000004
2657.0	1.0
2658.0	1.0000000000000002
2659.0	1.0000000000000002
2660.0	1.0
2661.0	1.0000000000000002
2662.0	1.0
2663.0	1.0
2664.0	1.0
2665.0	1.0000000000000002
2666.0	1.0
2667.0	1.0000000000000002
2668.0	1.0000000000000002
2669.0	1.0
2670.0	1.0
2671.0	0.9999999999999999
2672.0	1.0000000000000004
2673.0	1.0
2674.0	1.0000000000000002
2675.0	1.0000000000000002
2676.0	1.0000000000000002
2677.0	1.0
2678.0	1.0
2679.0	1.0
2680.0	1.0
2681.0	1.0
2682.0	1.0000000000000002
2683.0	1.0000000000000002
2684.0	0.9999999999999998
2685.0	1.0000000000000002
2686.0	1.0000000000000002
2687.0	1.0
2688.0	1.0
2689.0	1.0
2690.0	1.0
2691.0	1.0000000000000002
2692.0	1.0000000000000002
2693.0	1.0000000000000002
2694.0	1.0
2695.0	1.0000000000000002
2696.0	1.0
2697.0	1.0
2698.0	1.0000000000000004
2699.0	1.0000000000000002
2700.0	1.0
2701.0	1.0000000000000002
2702.0	1.0000000000000002
2703.0	1.0
2704.0	1.0
2705.0	1.0
2706.0	1.0000000000000002
2707.0	1.0000000000000002
2708.0	1.0000000000000002
2709.0	1.0
2710.0	1.0000000000000002
2711.0	1.0
2712.0	1.0
2713.0	1.0
2714.0	1.0
2715.0	1.0000000000000002
2716.0	1.0000000000000002
2717.0	1.0000000000000002
2718.0	1.0
2719.0	1.0
2720.0	1.0000000000000002
2721.0	1.0
2722.0	1.0
2723.0	1.0
2724.0	1.0
2725.0	1.0
2726.0	1.0000000000000004
2727.0	0.9999999999999999
2728.0	1.0
2729.0	1.0000000000000004
2730.0	1.0000000000000002
2731.0	1.0
2732.0	1.0000000000000002
2733.0	1.0
2734.0	1.0000000000000004
2735.0	1.0
2736.0	1.0000000000000002
2737.0	1.0000000000000002
2738.0	1.0000000000000002
2739.0	1.0
2740.0	1.0000000000000002
2741.0	1.0000000000000002
2742.0	1.0000000000000002
2743.0	1.0
2744.0	1.0
2745.0	1.0000000000000004
2746.0	1.0000000000000002
2747.0	1.0000000000000004
2748.0	1.0000000000000002
2749.0	1.0
2750.0	1.0000000000000002
2751.0	1.0000000000000004
2752.0	0.9999999999999999
2753.0	1.0000000000000002
2754.0	0.9999999999999998
2755.0	1.0
2756.0	1.0
2757.0	1.0
2758.0	0.9999999999999998
2759.0	1.0000000000000004
2760.0	1.0000000000000002
2761.0	1.0000000000000002
2762.0	1.0
2763.0	1.0
2764.0	1.0000000000000004
2765.0	1.0
2766.0	1.0000000000000004
2767.0	1.0000000000000002
2768.0	1.0000000000000002
2769.0	1.0
2770.0	1.0
2771.0	1.0
2772.0	1.0000000000000004
2773.0	1.0000000000000002
2774.0	1.0
2775.0	1.0
2776.0	1.0000000000000004
2777.0	0.9999999999999998
2778.0	1.0000000000000002
2779.0	1.0
2780.0	1.0000000000000002
2781.0	1.0
2782.0	1.0
2783.0	1.0
2784.0	1.0
2785.0	1.0000000000000002
2786.0	1.0000000000000002
2787.0	1.0000000000000002
2788.0	1.0
2789.0	1.0
2790.0	1.0
2791.0	1.0000000000000004
2792.0	1.0000000000000002
2793.0	1.0
2794.0	0.9999999999999999
2795.0	1.0
2796.0	1.0
2797.0	1.0000000000000002
2798.0	1.0
2799.0	1.0
2800.0	1.0
2801.0	1.0000000000000004
2802.0	1.0000000000000004
2803.0	1.0
2804.0	1.0
2805.0	1.0
2806.0	1.0
2807.0	1.0000000000000002
2808.0	1.0
2809.0	1.0
2810.0	1.0000000000000004
2811.0	0.9999999999999998
2812.0	1.0000000000000002
2813.0	1.0
2814.0	1.0
2815.0	1.0000000000000002
2816.0	0.9999999999999998
2817.0	1.0
2818.0	1.0
2819.0	1.0
2820.0	1.0
2821.0	1.0000000000000004
2822.0	1.0000000000000002
2823.0	1.0
2824.0	1.0
2825.0	1.0
2826.0	1.0000000000000002
2827.0	1.0000000000000002
2828.0	1.0
2829.0	1.0
2830.0	1.0000000000000004
2831.0	0.9999999999999999
2832.0	1.0000000000000002
2833.0	1.0
2834.0	1.0
2835.0	0.9999999999999999
2836.0	1.0
2837.0	1.0000000000000002
2838.0	1.0000000000000004
2839.0	1.0000000000000002
2840.0	1.0000000000000002
2841.0	1.0000000000000002
2842.0	1.0
2843.0	1.0
2844.0	1.0000000000000002
2845.0	1.0000000000000002
2846.0	0.9999999999999998
2847.0	1.0
2848.0	1.0
2849.0	1.0
2850.0	1.0000000000000002
2851.0	1.0000000000000002
2852.0	1.0000000000000002
2853.0	1.0
2854.0	1.0000000000000004
2855.0	0.9999999999999999
2856.0	1.0000000000000002
2857.0	1.0
2858.0	1.0
2859.0	1.0000000000000004
2860.0	1.0000000000000002
2861.0	1.0000000000000002
2862.0	1.0
2863.0	1.0
2864.0	1.0
2865.0	1.0000000000000004
2866.0	1.0
2867.0	1.0
2868.0	1.0
2869.0	1.0000000000000002
2870.0	1.0000000000000002
2871.0	1.0000000000000002
2872.0	1.0
2873.0	1.0000000000000004
2874.0	1.0
2875.0	1.0000000000000002
2876.0	0.9999999999999998
2877.0	1.0
2878.0	1.0
2879.0	1.0
2880.0	0.9999999999999998
2881.0	1.0000000000000002
2882.0	1.0
2883.0	1.0
2884.0	1.0000000000000004
2885.0	1.0000000000000002
2886.0	1.0
2887.0	1.0
2888.0	1.0
2889.0	1.0000000000000002
2890.0	1.0
2891.0	1.0000000000000004
2892.0	1.0000000000000004
2893.0	1.0000000000000002
2894.0	1.0
2895.0	1.0
2896.0	1.0000000000000002
2897.0	1.0000000000000002
2898.0	1.0000000000000002
2899.0	1.0
2900.0	0.9999999999999999
2901.0	1.0000000000000004
2902.0	1.0000000000000002
2903.0	1.0000000000000002
2904.0	1.0
2905.0	1.0
2906.0	1.0000000000000002
2907.0	1.0000000000000002
2908.0	1.0
2909.0	1.0
2910.0	1.0000000000000004
2911.0	1.0000000000000002
2912.0	1.0
2913.0	1.0
2914.0	1.0
2915.0	1.0
2916.0	1.0
2917.0	1.0000000000000004
2918.0	1.0000000000000002
2919.0	1.0000000000000002
2920.0	1.0
2921.0	1.0
2922.0	0.9999999999999999
2923.0	1.0000000000000004
2924.0	1.0000000000000002
2925.0	1.0000000000000002
2926.0	1.0000000000000004
2927.0	1.0000000000000004
2928.0	1.0000000000000002
2929.0	1.0000000000000002
2930.0	1.0000000000000002
2931.0	1.0
2932.0	1.0000000000000002
2933.0	1.0000000000000002
2934.0	1.0
2935.0	1.0
2936.0	1.0000000000000002
2937.0	1.0000000000000002
2938.0	1.0
2939.0	1.0
2940.0	1.0000000000000004
2941.0	1.0000000000000002
2942.0	1.0
2943.0	1.0
2944.0	1.0
2945.0	1.0
2946.0	1.0
2947.0	1.0
2948.0	1.0000000000000004
2949.0	1.0
2950.0	1.0000000000000002
2951.0	1.0000000000000004
2952.0	0.9999999999999999
2953.0	1.0000000000000004
2954.0	1.0
2955.0	1.0
2956.0	1.0
2957.0	1.0000000000000002
2958.0	1.0000000000000002
2959.0	1.0
2960.0	1.0
2961.0	0.9999999999999998
2962.0	1.0000000000000002
2963.0	1.0
2964.0	1.0000000000000004
2965.0	1.0000000000000002
2966.0	1.0
2967.0	0.9999999999999999
2968.0	1.0000000000000002
2969.0	1.0000000000000002
2970.0	1.0
2971.0	1.0
2972.0	1.0000000000000002
2973.0	1.0000000000000002
2974.0	1.0
2975.0	1.0000000000000004
2976.0	1.0000000000000002
2977.0	1.0
2978.0	1.0000000000000004
2979.0	1.0000000000000004
2980.0	1.0
2981.0	1.0
2982.0	1.0000000000000004
2983.0	1.0000000000000002
2984.0	1.0
2985.0	1.0
2986.0	1.0000000000000004
2987.0	1.0000000000000002
2988.0	1.0000000000000002
2989.0	1.0
2990.0	1.0
2991.0	1.0
2992.0	1.0
2993.0	1.0000000000000002
2994.0	1.0000000000000002
2995.0	1.0
2996.0	1.0
2997.0	0.9999999999999998
2998.0	1.0000000000000002
2999.0	1.0000000000000002
3000.0	1.0
3001.0	1.0000000000000004
3002.0	0.9999999999999999
3003.0	1.0000000000000002
3004.0	1.0000000000000002
3005.0	1.0000000000000002
3006.0	1.0000000000000002
3007.0	1.0
3008.0	0.9999999999999998
3009.0	1.0000000000000002
3010.0	1.0000000000000002
3011.0	1.0
3012.0	1.0000000000000002
3013.0	1.0000000000000002
3014.0	1.0
3015.0	0.9999999999999999
3016.0	1.0
3017.0	1.0
3018.0	1.0000000000000002
3019.0	1.0
3020.0	1.0000000000000002
3021.0	1.0000000000000002
3022.0	1.0000000000000002
3023.0	1.0
3024.0	1.0
3025.0	1.0000000000000002
3026.0	1.0
3027.0	1.0000000000000004
3028.0	0.9999999999999999
3029.0	1.0
3030.0	1.0000000000000004
3031.0	1.0000000000000002
3032.0	1.0000000000000002
3033.0	1.0
3034.0	0.9999999999999999
3035.0	1.0000000000000002
3036.0	1.0
3037.0	1.0
3038.0	1.0000000000000004
3039.0	1.0000000000000002
3040.0	1.0
3041.0	1.0
3042.0	1.0000000000000002
3043.0	1.0
3044.0	1.0
3045.0	1.0000000000000002
3046.0	1.0
3047.0	1.0
3048.0	1.0
3049.0	1.0
3050.0	1.0
3051.0	1.0000000000000002
3052.0	1.0000000000000002
3053.0	1.0
3054.0	0.9999999999999999
3055.0	1.0000000000000002
3056.0	1.0000000000000002
3057.0	1.0
3058.0	1.0000000000000002
3059.0	1.0
3060.0	1.0
3061.0	1.0000000000000002
3062.0	1.0
3063.0	1.0
3064.0	1.0000000000000002
3065.0	1.0
3066.0	1.0000000000000004
3067.0	0.9999999999999999
3068.0	1.0
3069.0	1.0
3070.0	1.0
3071.0	1.0000000000000002
3072.0	1.0
3073.0	1.0
3074.0	1.0000000000000002
3075.0	1.0
3076.0	1.0
3077.0	1.0000000000000002
3078.0	1.0000000000000004
3079.0	1.0
3080.0	1.0000000000000004
3081.0	1.0000000000000002
3082.0	1.0
3083.0	1.0
3084.0	1.0000000000000004
3085.0	1.0000000000000002
3086.0	1.0000000000000004
3087.0	1.0000000000000004
3088.0	1.0000000000000002
3089.0	1.0
3090.0	1.0000000000000004
3091.0	1.0
3092.0	0.9999999999999999
3093.0	1.0000000000000002
3094.0	1.0
3095.0	1.0
3096.0	1.0000000000000002
3097.0	1.0
3098.0	1.0
3099.0	1.0000000000000002
3100.0	1.0
3101.0	1.0000000000000004
3102.0	1.0
3103.0	1.0
3104.0	1.0
3105.0	1.0
3106.0	1.0
3107.0	1.0000000000000004
3108.0	1.0000000000000002
3109.0	1.0
3110.0	1.0000000000000004
3111.0	1.0000000000000002
3112.0	1.0
3113.0	1.0000000000000004
3114.0	1.0000000000000002
3115.0	1.0
3116.0	1.0
3117.0	1.0
3118.0	1.0
3119.0	1.0
3120.0	1.0000000000000002
3121.0	1.0
3122.0	1.0000000000000004
3123.0	1.0
3124.0	1.0
3125.0	1.0000000000000004
3126.0	1.0000000000000002
3127.0	1.0
3128.0	1.0000000000000004
3129.0	1.0000000000000002
3130.0	1.0
3131.0	1.0000000000000004
3132.0	1.0000000000000002
3133.0	1.0
3134.0	1.0000000000000002
3135.0	1.0
3136.0	1.0
3137.0	1.0000000000000002
3138.0	1.0
3139.0	1.0000000000000004
3140.0	0.9999999999999999
3141.0	1.0000000000000002
3142.0	1.0
3143.0	1.0
3144.0	1.0
3145.0	1.0
3146.0	1.0000000000000002
3147.0	1.0
3148.0	1.0000000000000004
3149.0	1.0000000000000002
3150.0	1.0
3151.0	1.0000000000000004
3152.0	1.0000000000000004
3153.0	1.0
3154.0	1.0000000000000002
3155.0	1.0000000000000002
3156.0	1.0
3157.0	1.0000000000000004
3158.0	1.0
3159.0	1.0
3160.0	1.0000000000000004
3161.0	1.0
3162.0	1.0
3163.0	1.0000000000000002
3164.0	1.0
3165.0	1.0000000000000002
3166.0	1.0
3167.0	1.0
3168.0	1.0000000000000002
3169.0	1.0000000000000002
3170.0	1.0000000000000002
3171.0	1.0000000000000002
3172.0	1.0000000000000004
3173.0	0.9999999999999999
3174.0	1.0000000000000002
3175.0	1.0000000000000004
3176.0	1.0000000000000002
3177.0	1.0
3178.0	1.0000000000000004
3179.0	1.0
3180.0	1.0000000000000004
3181.0	0.9999999999999999
3182.0	1.0
3183.0	1.0
3184.0	1.0000000000000002
3185.0	1.0
3186.0	1.0000000000000004
3187.0	1.0000000000000002
3188.0	1.0
3189.0	1.0000000000000004
3190.0	1.0000000000000002
3191.0	1.0
3192.0	1.0000000000000004
3193.0	1.0
3194.0	1.0
3195.0	1.0000000000000002
3196.0	1.0
3197.0	1.0000000000000004
3198.0	1.0000000000000002
3199.0	1.0
3200.0	1.0000000000000002
3201.0	1.0
3202.0	1.0000000000000004
3203.0	1.0000000000000002
3204.0	1.0
3205.0	1.0000000000000002
3206.0	1.0
3207.0	1.0
3208.0	1.0000000000000002
3209.0	1.0
3210.0	1.0000000000000002
3211.0	1.0
3212.0	1.0
3213.0	1.0000000000000004
3214.0	1.0
3215.0	1.0000000000000004
3216.0	1.0000000000000002
3217.0	1.0
3218.0	1.0000000000000002
3219.0	1.0000000000000002
3220.0	1.0000000000000004
3221.0	1.0000000000000002
3222.0	1.0
3223.0	1.0000000000000002
3224.0	1.0
3225.0	1.0
3226.0	1.0000000000000002
3227.0	1.0000000000000002
3228.0	1.0
3229.0	1.0000000000000002
3230.0	1.0
3231.0	1.0000000000000004
3232.0	1.0
3233.0	1.0000000000000002
3234.0	1.0000000000000002
3235.0	1.0
3236.0	1.0000000000000002
3237.0	1.0
3238.0	1.0000000000000004
3239.0	1.0000000000000002
3240.0	1.0000000000000004
3241.0	1.0000000000000002
3242.0	1.0
3243.0	1.0000000000000004
3244.0	1.0
3245.0	1.0
3246.0	1.0
3247.0	1.0
3248.0	1.0
3249.0	1.0
3250.0	1.0000000000000002
3251.0	1.0000000000000002
3252.0	1.0
3253.0	1.0000000000000002
3254.0	1.0
3255.0	1.0000000000000002
3256.0	1.0
3257.0	1.0
3258.0	1.0000000000000002
3259.0	1.0
3260.0	1.0000000000000004
3261.0	1.0000000000000002
3262.0	1.0
3263.0	1.0000000000000002
3264.0	1.0
3265.0	1.0000000000000004
3266.0	1.0000000000000002
3267.0	1.0000000000000004
3268.0	1.0000000000000002
3269.0	1.0
3270.0	1.0000000000000002
3271.0	1.0
3272.0	1.0000000000000004
3273.0	1.0
3274.0	1.0000000000000004
3275.0	0.9999999999999998
3276.0	1.0
3277.0	0.9999999999999999
3278.0	1.0000000000000002
3279.0	1.0000000000000002
3280.0	1.0000000000000002
3281.0	1.0
3282.0	1.0
3283.0	1.0000000000000002
3284.0	1.0
3285.0	1.0000000000000004
3286.0	1.0000000000000002
3287.0	1.0
3288.0	1.0000000000000004
3289.0	1.0000000000000002
3290.0	1.0
3291.0	1.0000000000000004
3292.0	1.0
3293.0	1.0000000000000002
3294.0	1.0
3295.0	1.0000000000000004
3296.0	1.0000000000000002
3297.0	1.0
3298.0	1.0000000000000002
3299.0	1.0
3300.0	1.0000000000000002
3301.0	1.0000000000000002
3302.0	1.0
3303.0	1.0000000000000002
3304.0	1.0000000000000004
3305.0	1.0000000000000002
3306.0	1.0000000000000004
3307.0	1.0
3308.0	1.0000000000000002
3309.0	1.0000000000000004
3310.0	1.0000000000000002
3311.0	1.0000000000000004
3312.0	0.9999999999999998
3313.0	1.0000000000000004
3314.0	1.0000000000000002
3315.0	1.0
3316.0	1.0000000000000002
3317.0	1.0
3318.0	1.0000000000000004
3319.0	1.0000000000000002
3320.0	1.0
3321.0	1.0000000000000002
3322.0	1.0
3323.0	1.0000000000000004
3324.0	1.0
3325.0	1.0
3326.0	1.0000000000000002
3327.0	1.0000000000000004
3328.0	1.0000000000000002
3329.0	1.0
3330.0	1.0000000000000002
3331.0	1.0
3332.0	1.0000000000000002
3333.0	1.0000000000000002
3334.0	1.0000000000000004
3335.0	1.0
3336.0	1.0
3337.0	1.0
3338.0	1.0
3339.0	1.0000000000000002
3340.0	1.0000000000000002
3341.0	1.0
3342.0	1.0000000000000002
3343.0	1.0
3344.0	1.0000000000000004
3345.0	1.0
3346.0	0.9999999999999999
3347.0	1.0
3348.0	1.0
3349.0	1.0000000000000002
3350.0	1.0
3351.0	1.0
3352.0	1.0
3353.0	1.0
3354.0	1.0000000000000002
3355.0	1.0
3356.0	1.0000000000000004
3357.0	1.0
3358.0	1.0000000000000002
3359.0	1.0
3360.0	1.0000000000000002
3361.0	1.0000000000000002
3362.0	1.0
3363.0	1.0000000000000004
3364.0	1.0
3365.0	1.0000000000000004
3366.0	1.0000000000000002
3367.0	1.0
3368.0	1.0000000000000002
3369.0	1.0
3370.0	1.0000000000000002
3371.0	1.0000000000000002
3372.0	1.0
3373.0	1.0000000000000002
3374.0	1.0
3375.0	1.0000000000000002
3376.0	0.9999999999999999
3377.0	1.0000000000000002
3378.0	1.0
3379.0	1.0000000000000002
3380.0	1.0
3381.0	1.0000000000000002
3382.0	1.0
3383.0	1.0
3384.0	1.0
3385.0	0.9999999999999999
3386.0	1.0
3387.0	1.0000000000000004
3388.0	1.0
3389.0	1.0000000000000004
3390.0	1.0
3391.0	1.0
3392.0	1.0000000000000002
3393.0	1.0000000000000004
3394.0	1.0000000000000002
3395.0	1.0000000000000002
3396.0	1.0
3397.0	1.0000000000000004
3398.0	1.0000000000000002
3399.0	1.0000000000000004
3400.0	1.0
3401.0	1.0
3402.0	1.0000000000000002
3403.0	1.0000000000000004
3404.0	1.0
3405.0	1.0000000000000002
3406.0	1.0
3407.0	1.0000000000000002
3408.0	1.0
3409.0	1.0000000000000002
3410.0	1.0
3411.0	1.0000000000000002
3412.0	1.0
3413.0	1.0000000000000002
3414.0	1.0
3415.0	1.0000000000000002
3416.0	1.0
3417.0	1.0000000000000002
3418.0	1.0
3419.0	1.0000000000000002
3420.0	1.0
3421.0	1.0000000000000002
3422.0	1.0
3423.0	1.0000000000000004
3424.0	1.0
3425.0	1.0000000000000002
3426.0	1.0
3427.0	1.0
3428.0	0.9999999999999999
3429.0	1.0
3430.0	0.9999999999999999
3431.0	1.0000000000000002
3432.0	1.0
3433.0	1.0000000000000002
3434.0	1.0
3435.0	1.0000000000000004
3436.0	1.0
3437.0	1.0000000000000002
3438.0	1.0000000000000004
3439.0	1.0
3440.0	1.0
3441.0	1.0000000000000002
3442.0	1.0000000000000002
3443.0	1.0
3444.0	1.0000000000000002
3445.0	1.0
3446.0	1.0000000000000002
3447.0	1.0000000000000004
3448.0	1.0
3449.0	1.0000000000000004
3450.0	1.0
3451.0	1.0000000000000002
3452.0	1.0
3453.0	1.0000000000000004
3454.0	1.0
3455.0	1.0000000000000002
3456.0	1.0000000000000004
3457.0	1.0000000000000002
3458.0	1.0
3459.0	1.0000000000000004
3460.0	1.0
3461.0	1.0000000000000002
3462.0	1.0000000000000004
3463.0	1.0000000000000002
3464.0	1.0000000000000004
3465.0	1.0000000000000002
3466.0	1.0
3467.0	1.0000000000000002
3468.0	1.0
3469.0	1.0
3470.0	1.0000000000000004
3471.0	1.0
3472.0	1.0
3473.0	1.0
3474.0	1.0000000000000002
3475.0	1.0
3476.0	1.0000000000000002
3477.0	1.0
3478.0	1.0
3479.0	1.0000000000000002
3480.0	1.0
3481.0	1.0
3482.0	1.0000000000000002
3483.0	1.0
3484.0	1.0000000000000002
3485.0	1.0
3486.0	1.0
3487.0	1.0000000000000004
3488.0	1.0
3489.0	1.0000000000000002
3490.0	0.9999999999999999
3491.0	1.0
3492.0	1.0
3493.0	1.0
3494.0	1.0000000000000004
3495.0	1.0
3496.0	1.0000000000000002
3497.0	1.0
3498.0	1.0
3499.0	1.0
3500.0	1.0
3501.0	1.0000000000000002
3502.0	1.0000000000000004
3503.0	1.0000000000000002
3504.0	1.0000000000000002
3505.0	1.0
3506.0	1.0000000000000002
3507.0	1.0000000000000004
3508.0	1.0
3509.0	1.0
3510.0	1.0
3511.0	1.0
3512.0	0.9999999999999999
3513.0	1.0
3514.0	1.0
3515.0	1.0
3516.0	1.0
3517.0	1.0000000000000002
3518.0	1.0
3519.0	1.0000000000000002
3520.0	1.0
3521.0	1.0
3522.0	1.0000000000000002
3523.0	1.0000000000000004
3524.0	1.0000000000000002
3525.0	1.0000000000000002
3526.0	1.0
3527.0	1.0000000000000002
3528.0	1.0000000000000002
3529.0	1.0
3530.0	1.0000000000000004
3531.0	1.0
3532.0	1.0
3533.0	1.0000000000000004
3534.0	1.0
3535.0	1.0
3536.0	1.0000000000000002
3537.0	1.0
3538.0	1.0000000000000002
3539.0	1.0000000000000004
3540.0	1.0
3541.0	1.0000000000000002
3542.0	1.0000000000000002
3543.0	1.0
3544.0	1.0000000000000002
3545.0	1.0000000000000004
3546.0	1.0
3547.0	1.0000000000000002
3548.0	1.0000000000000002
3549.0	1.0
3550.0	1.0000000000000002
3551.0	1.0000000000000004
3552.0	1.0
3553.0	1.0000000000000002
3554.0	1.0000000000000004
3555.0	1.0000000000000004
3556.0	1.0000000000000004
3557.0	1.0000000000000002
3558.0	1.0
3559.0	1.0
3560.0	1.0000000000000004
3561.0	1.0000000000000004
3562.0	0.9999999999999999
3563.0	1.0000000000000002
3564.0	1.0000000000000004
3565.0	1.0
3566.0	1.0
3567.0	1.0000000000000002
3568.0	1.0
3569.0	1.0
3570.0	1.0000000000000002
3571.0	1.0
3572.0	1.0
3573.0	1.0000000000000002
3574.0	1.0000000000000002
3575.0	1.0
3576.0	1.0
3577.0	1.0000000000000004
3578.0	1.0
3579.0	1.0000000000000002
3580.0	1.0000000000000004
3581.0	1.0
3582.0	1.0
3583.0	1.0000000000000002
3584.0	1.0000000000000004
3585.0	1.0
3586.0	1.0000000000000002
3587.0	1.0000000000000002
3588.0	1.0
3589.0	1.0
3590.0	1.0
3591.0	1.0000000000000004
3592.0	1.0
3593.0	1.0
3594.0	1.0000000000000002
3595.0	1.0000000000000002
3596.0	1.0
3597.0	1.0
3598.0	1.0000000000000002
3599.0	1.0
3600.0	1.0
3601.0	1.0000000000000002
3602.0	1.0
3603.0	1.0000000000000002
3604.0	1.0000000000000002
3605.0	1.0000000000000002
3606.0	1.0
3607.0	1.0000000000000002
3608.0	1.0000000000000002
3609.0	1.0000000000000002
3610.0	1.0000000000000004
3611.0	1.0
3612.0	1.0000000000000002
3613.0	1.0
3614.0	1.0
3615.0	1.0000000000000002
3616.0	1.0000000000000004
3617.0	1.0
3618.0	1.0000000000000002
3619.0	1.0
3620.0	1.0000000000000002
3621.0	1.0
3622.0	1.0
3623.0	1.0000000000000004
3624.0	1.0000000000000004
3625.0	1.0
3626.0	1.0
3627.0	1.0
3628.0	1.0000000000000002
3629.0	1.0
3630.0	1.0
3631.0	1.0000000000000002
3632.0	0.9999999999999999
3633.0	1.0
3634.0	1.0000000000000002
3635.0	1.0000000000000002
3636.0	1.0000000000000002
3637.0	1.0
3638.0	1.0
3639.0	1.0000000000000002
3640.0	1.0000000000000004
3641.0	1.0
3642.0	1.0
3643.0	1.0000000000000004
3644.0	1.0000000000000002
3645.0	1.0
3646.0	1.0
3647.0	1.0000000000000002
3648.0	1.0
3649.0	1.0
3650.0	1.0
3651.0	1.0000000000000002
3652.0	1.0000000000000004
3653.0	1.0
3654.0	1.0000000000000002
3655.0	1.0000000000000002
3656.0	1.0
3657.0	1.0
3658.0	1.0
3659.0	1.0
3660.0	1.0000000000000002
3661.0	1.0000000000000004
3662.0	1.0
3663.0	1.0000000000000002
3664.0	1.0000000000000002
3665.0	1.0000000000000002
3666.0	1.0
3667.0	1.0
3668.0	1.0000000000000002
3669.0	1.0000000000000002
3670.0	1.0
3671.0	1.0000000000000002
3672.0	1.0000000000000002
3673.0	0.9999999999999999
3674.0	1.0
3675.0	1.0
3676.0	1.0
3677.0	1.0000000000000002
3678.0	1.0000000000000004
3679.0	1.0
3680.0	1.0
3681.0	1.0000000000000002
3682.0	1.0000000000000002
3683.0	1.0
3684.0	1.0
3685.0	1.0000000000000002
3686.0	1.0000000000000004
3687.0	1.0000000000000002
3688.0	1.0
3689.0	1.0000000000000002
3690.0	1.0000000000000002
3691.0	1.0000000000000004
3692.0	1.0
3693.0	1.0
3694.0	1.0
3695.0	1.0000000000000002
3696.0	1.0
3697.0	1.0
3698.0	1.0000000000000002
3699.0	1.0
3700.0	1.0000000000000002
3701.0	1.0
3702.0	1.0
3703.0	1.0
3704.0	1.0000000000000002
3705.0	1.0000000000000004
3706.0	1.0
3707.0	1.0
3708.0	1.0
3709.0	1.0000000000000002
3710.0	1.0000000000000004
3711.0	1.0
3712.0	1.0
3713.0	1.0000000000000002
3714.0	1.0000000000000002
3715.0	0.9999999999999999
3716.0	1.0
3717.0	1.0
3718.0	1.0
3719.0	1.0
3720.0	1.0000000000000002
3721.0	1.0000000000000002
3722.0	1.0000000000000004
3723.0	1.0
3724.0	1.0
3725.0	1.0000000000000002
3726.0	1.0000000000000002
3727.0	1.0
3728.0	1.0
3729.0	1.0
3730.0	1.0000000000000004
3731.0	1.0000000000000004
3732.0	1.0000000000000004
3733.0	1.0
3734.0	1.0
3735.0	1.0000000000000004
3736.0	1.0
3737.0	1.0
3738.0	1.0000000000000002
3739.0	1.0000000000000002
3740.0	1.0000000000000004
3741.0	1.0
3742.0	1.0
3743.0	1.0
3744.0	1.0000000000000002
3745.0	1.0
3746.0	1.0
3747.0	1.0
3748.0	1.0
3749.0	1.0000000000000002
3750.0	1.0000000000000004
3751.0	1.0
3752.0	1.0
3753.0	1.0
3754.0	1.0000000000000002
3755.0	1.0
3756.0	1.0
3757.0	1.0
3758.0	1.0000000000000002
3759.0	1.0000000000000002
3760.0	1.0000000000000002
3761.0	1.0
3762.0	1.0
3763.0	1.0
3764.0	1.0000000000000004
3765.0	1.0
3766.0	1.0
3767.0	1.0
3768.0	1.0000000000000002
3769.0	1.0000000000000004
3770.0	1.0000000000000004
3771.0	1.0
3772.0	1.0000000000000002
3773.0	1.0000000000000002
3774.0	1.0000000000000002
3775.0	0.9999999999999999
3776.0	1.0
3777.0	1.0
3778.0	1.0
3779.0	1.0000000000000002
3780.0	1.0
3781.0	1.0
3782.0	1.0
3783.0	1.0
3784.0	1.0000000000000002
3785.0	1.0000000000000002
3786.0	1.0000000000000004
3787.0	1.0
3788.0	1.0
3789.0	1.0000000000000002
3790.0	1.0000000000000004
3791.0	1.0
3792.0	1.0
3793.0	1.0000000000000002
3794.0	1.0000000000000002
3795.0	1.0000000000000004
3796.0	1.0000000000000004
3797.0	1.0000000000000002
3798.0	1.0
3799.0	1.0000000000000002
3800.0	1.0000000000000004
3801.0	1.0000000000000004
3802.0	1.0
3803.0	1.0
3804.0	1.0000000000000002
3805.0	1.0000000000000002
3806.0	1.0000000000000004
3807.0	1.0
3808.0	1.0
3809.0	1.0
3810.0	1.0000000000000002
3811.0	1.0000000000000002
3812.0	1.0000000000000004
3813.0	1.0000000000000004
3814.0	1.0
3815.0	1.0000000000000002
3816.0	1.0
3817.0	1.0000000000000002
3818.0	1.0000000000000004
3819.0	1.0
3820.0	1.0
3821.0	1.0000000000000002
3822.0	1.0
3823.0	1.0000000000000002
3824.0	1.0000000000000004
3825.0	1.0000000000000004
3826.0	1.0
3827.0	1.0000000000000002
3828.0	1.0000000000000002
3829.0	1.0000000000000004
3830.0	1.0000000000000004
3831.0	1.0
3832.0	1.0
3833.0	1.0000000000000002
3834.0	1.0000000000000002
3835.0	1.0000000000000002
3836.0	1.0
3837.0	1.0
3838.0	1.0
3839.0	1.0
3840.0	1.0
3841.0	1.0
3842.0	1.0
3843.0	1.0000000000000004
3844.0	0.9999999999999999
3845.0	1.0
3846.0	1.0
3847.0	1.0
3848.0	1.0000000000000004
3849.0	1.0000000000000002
3850.0	1.0
3851.0	1.0000000000000002
3852.0	1.0
3853.0	1.0000000000000002
3854.0	1.0000000000000002
3855.0	1.0000000000000002
3856.0	1.0
3857.0	1.0
3858.0	1.0
3859.0	1.0000000000000002
3860.0	1.0000000000000002
3861.0	1.0000000000000004
3862.0	1.0000000000000004
3863.0	1.0000000000000004
3864.0	1.0
3865.0	1.0
3866.0	1.0
3867.0	1.0000000000000002
3868.0	1.0000000000000004
3869.0	1.0000000000000004
3870.0	1.0
3871.0	1.0
3872.0	1.0
3873.0	1.0000000000000002
3874.0	1.0000000000000002
3875.0	1.0000000000000002
3876.0	0.9999999999999999
3877.0	1.0000000000000004
3878.0	1.0
3879.0	1.0
3880.0	1.0
3881.0	1.0
3882.0	1.0000000000000002
3883.0	1.0000000000000004
3884.0	1.0
3885.0	1.0
3886.0	1.0
3887.0	1.0
3888.0	1.0000000000000002
3889.0	1.0
3890.0	1.0000000000000002
3891.0	1.0000000000000004
3892.0	1.0000000000000004
3893.0	1.0
3894.0	1.0
3895.0	1.0
3896.0	1.0
3897.0	1.0000000000000002
3898.0	1.0000000000000004
3899.0	1.0000000000000002
3900.0	1.0000000000000004
3901.0	0.9999999999999999
3902.0	1.0
3903.0	1.0
3904.0	1.0
3905.0	1.0000000000000002
3906.0	1.0000000000000004
3907.0	1.0000000000000002
3908.0	1.0000000000000002
3909.0	1.0000000000000004
3910.0	1.0000000000000002
3911.0	1.0
3912.0	1.0
3913.0	1.0
3914.0	1.0
3915.0	1.0000000000000002
3916.0	1.0000000000000002
3917.0	1.0000000000000004
3918.0	1.0
3919.0	1.0
3920.0	1.0
3921.0	1.0000000000000002
3922.0	1.0000000000000002
3923.0	1.0000000000000004
3924.0	1.0
3925.0	0.9999999999999999
3926.0	1.0
3927.0	1.0
3928.0	1.0
3929.0	1.0
3930.0	1.0
3931.0	1.0000000000000002
3932.0	1.0000000000000002
3933.0	1.0000000000000004
3934.0	1.0000000000000004
3935.0	1.0000000000000004
3936.0	1.0000000000000004
3937.0	1.0000000000000004
3938.0	1.0
3939.0	1.0
3940.0	1.0
3941.0	1.0000000000000002
3942.0	1.0
3943.0	1.0000000000000002
3944.0	1.0000000000000002
3945.0	1.0000000000000004
3946.0	1.0000000000000004
3947.0	1.0000000000000004
3948.0	0.9999999999999999
3949.0	1.0
3950.0	1.0
3951.0	1.0
3952.0	1.0
3953.0	1.0
3954.0	1.0000000000000002
3955.0	1.0
3956.0	1.0000000000000002
3957.0	1.0000000000000004
3958.0	1.0
3959.0	1.0
3960.0	1.0
3961.0	1.0
3962.0	1.0
3963.0	1.0
3964.0	1.0000000000000002
3965.0	1.0000000000000002
3966.0	1.0000000000000004
3967.0	1.0000000000000002
3968.0	1.0
3969.0	1.0
3970.0	1.0
3971.0	1.0
3972.0	1.0
3973.0	1.0
3974.0	1.0000000000000002
3975.0	1.0000000000000002
3976.0	1.0
3977.0	1.0000000000000002
3978.0	1.0000000000000004
3979.0	1.0000000000000004
3980.0	1.0000000000000004
3981.0	1.0
3982.0	1.0
3983.0	0.9999999999999999
3984.0	1.0
3985.0	1.0
3986.0	1.0
3987.0	1.0
3988.0	1.0000000000000002
3989.0	1.0
3990.0	1.0000000000000002
3991.0	1.0000000000000002
3992.0	1.0000000000000002
3993.0	1.0000000000000002
3994.0	1.0000000000000002
3995.0	1.0000000000000004
3996.0	1.0000000000000002
3997.0	1.0000000000000004
3998.0	1.0
3999.0	1.0
4000.0	1.0
4001.0	1.0
4002.0	1.0
4003.0	1.0
4004.0	1.0
4005.0	1.0
4006.0	1.0000000000000002
4007.0	1.0000000000000002
4008.0	1.0000000000000002
4009.0	1.0000000000000002
4010.0	1.0000000000000002
4011.0	1.0000000000000002
4012.0	1.0
4013.0	1.0
4014.0	0.9999999999999999
4015.0	1.0000000000000004
4016.0	1.0
4017.0	1.0
4018.0	1.0
4019.0	1.0
4020.0	1.0000000000000002
4021.0	1.0
4022.0	1.0
4023.0	1.0000000000000002
4024.0	1.0
4025.0	1.0000000000000002
4026.0	1.0000000000000002
4027.0	1.0000000000000002
4028.0	1.0000000000000002
4029.0	1.0000000000000004
4030.0	1.0000000000000004
4031.0	1.0
4032.0	1.0
4033.0	1.0
4034.0	1.0000000000000004
4035.0	1.0
4036.0	1.0
4037.0	1.0
4038.0	1.0
4039.0	1.0
4040.0	1.0
4041.0	1.0
4042.0	1.0000000000000002
4043.0	1.0
4044.0	1.0
4045.0	1.0
4046.0	1.0
4047.0	1.0
4048.0	1.0
4049.0	1.0
4050.0	1.0
4051.0	1.0000000000000002
4052.0	1.0000000000000002
4053.0	1.0
4054.0	1.0
4055.0	1.0000000000000002
4056.0	1.0000000000000002
4057.0	1.0000000000000002
4058.0	1.0000000000000004
4059.0	1.0000000000000002
4060.0	1.0000000000000004
4061.0	1.0000000000000004
4062.0	1.0000000000000002
4063.0	1.0000000000000002
4064.0	1.0000000000000002
4065.0	1.0000000000000002
4066.0	1.0000000000000002
4067.0	1.0000000000000004
4068.0	1.0000000000000002
4069.0	1.0000000000000002
4070.0	1.0000000000000004
4071.0	1.0000000000000002
4072.0	1.0
4073.0	1.0000000000000002
4074.0	1.0000000000000002
4075.0	1.0000000000000002
4076.0	1.0
4077.0	1.0
4078.0	1.0
4079.0	1.0000000000000002
4080.0	1.0
4081.0	1.0000000000000002
4082.0	1.0
4083.0	1.0000000000000002
4084.0	1.0
4085.0	1.0
4086.0	1.0
4087.0	1.0
4088.0	1.0
4089.0	1.0
4090.0	1.0000000000000002
4091.0	1.0
4092.0	1.0
4093.0	1.0000000000000002
4094.0	1.0
4095.0	1.0
4096.0	1.0
4097.0	1.0
4098.0	1.0
4099.0	1.0
4100.0	1.0
4101.0	1.0
4102.0	1.0
4103.0	1.0
4104.0	1.0
4105.0	1.0000000000000004
4106.0	1.0000000000000004
4107.0	1.0000000000000004
4108.0	1.0000000000000002
4109.0	1.0000000000000004
4110.0	1.0000000000000004
4111.0	1.0000000000000002
4112.0	1.0000000000000004
4113.0	1.0000000000000002
4114.0	1.0000000000000002
4115.0	1.0
4116.0	1.0
4117.0	1.0
4118.0	1.0
4119.0	1.0000000000000002
4120.0	1.0
4121.0	1.0
4122.0	1.0
4123.0	1.0
4124.0	1.0
4125.0	1.0
4126.0	1.0
4127.0	0.9999999999999999
4128.0	1.0
4129.0	1.0000000000000004
4130.0	1.0
4131.0	1.0
4132.0	1.0000000000000002
4133.0	1.0
4134.0	1.0000000000000004
4135.0	1.0000000000000004
4136.0	1.0000000000000002
4137.0	1.0000000000000002
4138.0	1.0000000000000002
4139.0	1.0000000000000002
4140.0	1.0000000000000002
4141.0	1.0000000000000002
4142.0	1.0
4143.0	1.0
4144.0	1.0
4145.0	1.0
4146.0	1.0000000000000002
4147.0	1.0
4148.0	1.0
4149.0	1.0
4150.0	1.0
4151.0	1.0
4152.0	1.0
4153.0	1.0000000000000004
4154.0	1.0000000000000002
4155.0	1.0000000000000002
4156.0	1.0000000000000002
4157.0	1.0000000000000002
4158.0	1.0000000000000002
4159.0	1.0000000000000002
4160.0	1.0000000000000002
4161.0	1.0000000000000002
4162.0	1.0000000000000002
4163.0	1.0
4164.0	1.0
4165.0	1.0
4166.0	1.0
4167.0	1.0000000000000004
4168.0	1.0000000000000004
4169.0	1.0000000000000004
4170.0	1.0
4171.0	1.0000000000000002
4172.0	1.0000000000000004
4173.0	1.0000000000000002
4174.0	1.0000000000000002
4175.0	1.0000000000000002
4176.0	1.0000000000000004
4177.0	1.0000000000000002
4178.0	1.0
4179.0	1.0000000000000002
4180.0	1.0
4181.0	1.0
4182.0	1.0
4183.0	1.0
4184.0	1.0
4185.0	1.0
4186.0	1.0000000000000002
4187.0	1.0000000000000002
4188.0	1.0000000000000002
4189.0	1.0000000000000004
4190.0	1.0000000000000004
4191.0	1.0000000000000004
4192.0	1.0000000000000002
4193.0	1.0000000000000002
4194.0	1.0000000000000002
4195.0	1.0
4196.0	1.0000000000000002
4197.0	1.0
4198.0	1.0
4199.0	1.0
4200.0	1.0
4201.0	1.0
4202.0	1.0000000000000004
4203.0	1.0
4204.0	1.0
4205.0	1.0
4206.0	1.0
4207.0	1.0
4208.0	1.0000000000000004
4209.0	1.0
4210.0	1.0000000000000002
4211.0	0.9999999999999999
4212.0	1.0000000000000004
4213.0	1.0000000000000004
4214.0	1.0000000000000004
4215.0	0.9999999999999998
4216.0	1.0000000000000002
4217.0	1.0000000000000002
4218.0	1.0
4219.0	1.0000000000000002
4220.0	1.0
4221.0	1.0000000000000002
4222.0	1.0
4223.0	1.0
4224.0	1.0
4225.0	1.0
4226.0	1.0
4227.0	0.9999999999999999
4228.0	1.0
4229.0	1.0000000000000004
4230.0	1.0000000000000004
4231.0	1.0
4232.0	1.0000000000000004
4233.0	1.0000000000000004
4234.0	1.0
4235.0	1.0000000000000002
4236.0	1.0000000000000004
4237.0	1.0000000000000002
4238.0	1.0000000000000002
4239.0	1.0000000000000004
4240.0	1.0000000000000002
4241.0	1.0000000000000002
4242.0	1.0
4243.0	1.0000000000000002
4244.0	1.0
4245.0	1.0000000000000002
4246.0	1.0
4247.0	1.0
4248.0	1.0000000000000002
4249.0	1.0
4250.0	1.0
4251.0	1.0
4252.0	1.0
4253.0	1.0
4254.0	1.0
4255.0	1.0
4256.0	1.0
4257.0	1.0
4258.0	1.0
4259.0	0.9999999999999999
4260.0	1.0000000000000004
4261.0	1.0000000000000004
4262.0	1.0000000000000004
4263.0	1.0
4264.0	1.0000000000000004
4265.0	0.9999999999999999
4266.0	1.0000000000000004
4267.0	1.0000000000000004
4268.0	1.0
4269.0	0.9999999999999998
4270.0	1.0000000000000002
4271.0	0.9999999999999999
4272.0	1.0000000000000004
4273.0	1.0000000000000004
4274.0	1.0000000000000004
4275.0	1.0000000000000004
4276.0	1.0000000000000004
4277.0	1.0000000000000002
4278.0	1.0000000000000002
4279.0	1.0000000000000002
4280.0	1.0000000000000002
4281.0	1.0000000000000002
4282.0	1.0000000000000002
4283.0	1.0000000000000002
4284.0	1.0000000000000002
4285.0	1.0000000000000002
4286.0	1.0000000000000002
4287.0	1.0000000000000002
4288.0	1.0
4289.0	1.0000000000000002
4290.0	1.0000000000000002
4291.0	1.0
4292.0	1.0000000000000002
4293.0	1.0000000000000002
4294.0	1.0
4295.0	1.0
4296.0	1.0000000000000002
4297.0	1.0000000000000002
4298.0	1.0000000000000002
4299.0	1.0000000000000004
4300.0	1.0000000000000004
4301.0	1.0000000000000004
4302.0	1.0000000000000002
4303.0	1.0000000000000004
4304.0	1.0000000000000004
4305.0	1.0
4306.0	0.9999999999999998
4307.0	1.0
4308.0	1.0000000000000004
4309.0	1.0
4310.0	1.0
4311.0	1.0
4312.0	1.0
4313.0	1.0
4314.0	1.0
4315.0	1.0
4316.0	1.0
4317.0	1.0000000000000002
4318.0	1.0
4319.0	1.0000000000000002
4320.0	1.0000000000000004
4321.0	1.0
4322.0	1.0000000000000002
4323.0	1.0
4324.0	1.0
4325.0	1.0000000000000004
4326.0	1.0
4327.0	1.0
4328.0	1.0
4329.0	1.0
4330.0	1.0
4331.0	1.0000000000000002
4332.0	0.9999999999999998
4333.0	1.0000000000000002
4334.0	1.0000000000000004
4335.0	1.0
4336.0	1.0000000000000004
4337.0	1.0
4338.0	1.0
4339.0	1.0
4340.0	1.0
4341.0	1.0
4342.0	1.0
4343.0	1.0
4344.0	1.0000000000000002
4345.0	1.0
4346.0	1.0000000000000004
4347.0	1.0000000000000004
4348.0	1.0000000000000004
4349.0	1.0
4350.0	1.0
4351.0	1.0
4352.0	1.0
4353.0	1.0000000000000002
4354.0	1.0000000000000002
4355.0	1.0000000000000002
4356.0	1.0000000000000004
4357.0	0.9999999999999998
4358.0	1.0
4359.0	1.0
4360.0	1.0
4361.0	1.0
4362.0	1.0
4363.0	1.0
4364.0	1.0000000000000002
4365.0	1.0000000000000002
4366.0	1.0000000000000002
4367.0	1.0
4368.0	0.9999999999999999
4369.0	1.0000000000000002
4370.0	1.0
4371.0	1.0000000000000002
4372.0	1.0
4373.0	1.0000000000000004
4374.0	1.0
4375.0	1.0
4376.0	1.0
4377.0	1.0
4378.0	1.0000000000000002
4379.0	1.0000000000000004
4380.0	1.0
4381.0	1.0
4382.0	1.0
4383.0	1.0
4384.0	1.0
4385.0	1.0000000000000002
4386.0	1.0
4387.0	1.0
4388.0	1.0000000000000002
4389.0	1.0000000000000002
4390.0	1.0000000000000004
4391.0	1.0
4392.0	1.0
4393.0	1.0000000000000002
4394.0	1.0000000000000002
4395.0	1.0
4396.0	1.0
4397.0	1.0
4398.0	1.0000000000000002
4399.0	1.0000000000000002
4400.0	1.0
4401.0	1.0
4402.0	1.0
4403.0	1.0
4404.0	1.0000000000000002
4405.0	0.9999999999999998
4406.0	1.0
4407.0	0.9999999999999999
4408.0	1.0
4409.0	1.0000000000000002
4410.0	1.0
4411.0	1.0
4412.0	1.0
4413.0	1.0000000000000002
4414.0	1.0
4415.0	1.0000000000000002
4416.0	1.0000000000000002
4417.0	1.0000000000000004
4418.0	1.0
4419.0	1.0
4420.0	1.0
4421.0	1.0
4422.0	1.0000000000000002
4423.0	1.0
4424.0	1.0000000000000002
4425.0	1.0000000000000002
4426.0	1.0
4427.0	1.0
4428.0	1.0000000000000002
4429.0	1.0000000000000004
4430.0	1.0
4431.0	0.9999999999999999
4432.0	1.0
4433.0	1.0000000000000002
4434.0	1.0
4435.0	1.0000000000000002
4436.0	1.0
4437.0	1.0
4438.0	1.0
4439.0	1.0000000000000004
4440.0	1.0
4441.0	1.0000000000000002
4442.0	1.0000000000000002
4443.0	1.0000000000000002
4444.0	1.0
4445.0	1.0000000000000002
4446.0	1.0000000000000002
4447.0	1.0
4448.0	1.0000000000000002
4449.0	1.0
4450.0	1.0000000000000004
4451.0	1.0
4452.0	0.9999999999999999
4453.0	1.0
4454.0	1.0000000000000002
4455.0	1.0000000000000002
4456.0	1.0
4457.0	1.0
4458.0	1.0000000000000004
4459.0	1.0000000000000004
4460.0	1.0000000000000002
4461.0	1.0
4462.0	1.0000000000000004
4463.0	1.0
4464.0	1.0000000000000002
4465.0	0.9999999999999998
4466.0	1.0
4467.0	1.0000000000000004
4468.0	1.0
4469.0	1.0
4470.0	1.0000000000000004
4471.0	1.0
4472.0	1.0
4473.0	1.0000000000000004
4474.0	1.0
4475.0	1.0000000000000002
4476.0	1.0
4477.0	1.0000000000000002
4478.0	1.0000000000000002
4479.0	1.0
4480.0	1.0
4481.0	1.0000000000000002
4482.0	1.0
4483.0	1.0
4484.0	1.0
4485.0	1.0
4486.0	0.9999999999999999
4487.0	0.9999999999999999
4488.0	1.0
4489.0	1.0
4490.0	1.0
4491.0	1.0000000000000004
4492.0	0.9999999999999999
4493.0	1.0
4494.0	1.0000000000000002
4495.0	1.0000000000000002
4496.0	1.0000000000000002
4497.0	1.0000000000000004
4498.0	1.0000000000000002
4499.0	1.0000000000000002
4500.0	1.0
4501.0	1.0
4502.0	1.0000000000000004
4503.0	1.0
4504.0	1.0000000000000002
4505.0	1.0
4506.0	0.9999999999999999
4507.0	1.0
4508.0	1.0
4509.0	1.0
4510.0	1.0000000000000002
4511.0	1.0000000000000004
4512.0	1.0
4513.0	1.0
4514.0	1.0
4515.0	1.0000000000000002
4516.0	1.0
4517.0	1.0000000000000002
4518.0	1.0000000000000004
4519.0	1.0
4520.0	1.0
4521.0	1.0
4522.0	1.0
4523.0	1.0000000000000004
4524.0	1.0
4525.0	1.0000000000000002
4526.0	1.0
4527.0	1.0000000000000002
4528.0	1.0
4529.0	1.0000000000000002
4530.0	1.0000000000000002
4531.0	1.0
4532.0	1.0000000000000002
4533.0	1.0
4534.0	1.0000000000000002
4535.0	1.0
4536.0	1.0000000000000002
4537.0	1.0000000000000002
4538.0	1.0
4539.0	1.0000000000000004
4540.0	0.9999999999999999
4541.0	1.0000000000000002
4542.0	1.0000000000000002
4543.0	1.0
4544.0	1.0000000000000004
4545.0	1.0
4546.0	1.0000000000000002
4547.0	1.0000000000000004
4548.0	1.0000000000000002
4549.0	1.0
4550.0	1.0000000000000002
4551.0	1.0
4552.0	1.0
4553.0	1.0000000000000002
4554.0	1.0
4555.0	0.9999999999999999
4556.0	1.0
4557.0	1.0000000000000004
4558.0	1.0
4559.0	1.0000000000000002
4560.0	1.0
4561.0	1.0000000000000002
4562.0	1.0000000000000004
4563.0	1.0
4564.0	0.9999999999999999
4565.0	1.0
4566.0	1.0000000000000004
4567.0	1.0
4568.0	1.0000000000000002
4569.0	1.0
4570.0	1.0000000000000002
4571.0	1.0
4572.0	1.0000000000000002
4573.0	1.0
4574.0	1.0
4575.0	0.9999999999999999
4576.0	1.0
4577.0	1.0000000000000002
4578.0	1.0
4579.0	1.0000000000000004
4580.0	1.0
4581.0	1.0000000000000004
4582.0	0.9999999999999999
4583.0	1.0000000000000004
4584.0	1.0
4585.0	1.0000000000000002
4586.0	1.0000000000000004
4587.0	1.0000000000000002
4588.0	1.0000000000000004
4589.0	1.0000000000000002
4590.0	1.0000000000000004
4591.0	1.0000000000000002
4592.0	1.0000000000000002
4593.0	1.0
4594.0	1.0000000000000002
4595.0	0.9999999999999999
4596.0	1.0
4597.0	1.0000000000000004
4598.0	1.0000000000000002
4599.0	1.0000000000000002
4600.0	1.0
4601.0	1.0000000000000004
4602.0	1.0
4603.0	1.0000000000000004
4604.0	1.0
4605.0	1.0000000000000004
4606.0	1.0
4607.0	1.0000000000000004
4608.0	1.0
4609.0	1.0000000000000002
4610.0	1.0
4611.0	1.0000000000000002
4612.0	1.0
4613.0	1.0000000000000002
4614.0	1.0
4615.0	1.0000000000000002
4616.0	1.0000000000000002
4617.0	1.0000000000000002
4618.0	1.0000000000000004
4619.0	1.0
4620.0	1.0000000000000002
4621.0	1.0000000000000002
4622.0	1.0
4623.0	1.0000000000000002
4624.0	1.0
4625.0	1.0000000000000002
4626.0	1.0
4627.0	1.0
4628.0	1.0000000000000004
4629.0	1.0
4630.0	1.0000000000000002
4631.0	1.0
4632.0	0.9999999999999999
4633.0	1.0
4634.0	1.0000000000000004
4635.0	1.0
4636.0	1.0000000000000002
4637.0	1.0000000000000002
4638.0	1.0000000000000004
4639.0	1.0000000000000002
4640.0	1.0000000000000002
4641.0	1.0
4642.0	1.0
4643.0	1.0
4644.0	1.0
4645.0	1.0
4646.0	1.0000000000000002
4647.0	1.0
4648.0	1.0
4649.0	1.0
4650.0	1.0000000000000004
4651.0	1.0
4652.0	1.0000000000000002
4653.0	1.0
4654.0	1.0000000000000002
4655.0	1.0
4656.0	1.0000000000000002
4657.0	1.0
4658.0	1.0000000000000002
4659.0	1.0000000000000004
4660.0	1.0
4661.0	1.0
4662.0	1.0000000000000002
4663.0	1.0
4664.0	1.0000000000000002
4665.0	1.0
4666.0	1.0000000000000004
4667.0	0.9999999999999998
4668.0	1.0000000000000002
4669.0	1.0
4670.0	1.0
4671.0	1.0000000000000004
4672.0	1.0000000000000002
4673.0	1.0
4674.0	1.0000000000000002
4675.0	1.0
4676.0	1.0000000000000002
4677.0	1.0
4678.0	1.0000000000000002
4679.0	1.0
4680.0	1.0
4681.0	1.0000000000000004
4682.0	1.0000000000000002
4683.0	1.0
4684.0	1.0000000000000002
4685.0	1.0
4686.0	1.0000000000000002
4687.0	1.0
4688.0	1.0000000000000004
4689.0	1.0
4690.0	1.0000000000000002
4691.0	1.0
4692.0	1.0000000000000004
4693.0	1.0
4694.0	1.0000000000000002
4695.0	1.0
4696.0	1.0000000000000002
4697.0	1.0000000000000004
4698.0	1.0000000000000002
4699.0	1.0
4700.0	1.0000000000000002
4701.0	1.0
4702.0	1.0000000000000002
4703.0	1.0000000000000002
4704.0	1.0000000000000004
4705.0	1.0000000000000002
4706.0	1.0000000000000004
4707.0	0.9999999999999998
4708.0	1.0000000000000004
4709.0	1.0000000000000002
4710.0	1.0
4711.0	1.0000000000000002
4712.0	1.0
4713.0	1.0
4714.0	1.0
4715.0	1.0000000000000002
4716.0	1.0
4717.0	1.0000000000000002
4718.0	1.0
4719.0	1.0000000000000004
4720.0	1.0
4721.0	1.0000000000000002
4722.0	1.0
4723.0	1.0000000000000004
4724.0	1.0000000000000004
4725.0	1.0
4726.0	1.0000000000000004
4727.0	1.0000000000000002
4728.0	1.0
4729.0	1.0
4730.0	1.0
4731.0	1.0000000000000002
4732.0	1.0
4733.0	1.0000000000000002
4734.0	1.0
4735.0	1.0000000000000004
4736.0	1.0
4737.0	1.0000000000000002
4738.0	1.0
4739.0	1.0000000000000002
4740.0	1.0000000000000004
4741.0	1.0000000000000002
4742.0	1.0
4743.0	1.0000000000000002
4744.0	1.0000000000000002
4745.0	1.0000000000000002
4746.0	1.0
4747.0	1.0
4748.0	1.0000000000000004
4749.0	1.0
4750.0	1.0
4751.0	1.0
4752.0	1.0000000000000002
4753.0	1.0
4754.0	1.0000000000000004
4755.0	1.0
4756.0	1.0
4757.0	1.0
4758.0	1.0000000000000002
4759.0	1.0
4760.0	1.0000000000000002
4761.0	1.0000000000000002
4762.0	1.0000000000000004
4763.0	1.0000000000000002
4764.0	1.0000000000000004
4765.0	1.0
4766.0	1.0000000000000004
4767.0	1.0
4768.0	0.9999999999999999
4769.0	1.0000000000000002
4770.0	1.0
4771.0	1.0000000000000002
4772.0	0.9999999999999998
4773.0	1.0000000000000002
4774.0	1.0000000000000004
4775.0	1.0
4776.0	1.0000000000000004
4777.0	1.0000000000000002
4778.0	1.0
4779.0	1.0000000000000002
4780.0	1.0000000000000004
4781.0	1.0
4782.0	0.9999999999999999
4783.0	1.0
4784.0	1.0000000000000004
4785.0	1.0
4786.0	1.0000000000000002
4787.0	1.0
4788.0	0.9999999999999999
4789.0	1.0000000000000002
4790.0	1.0000000000000004
4791.0	1.0000000000000002
4792.0	1.0
4793.0	1.0000000000000002
4794.0	1.0
4795.0	1.0000000000000002
4796.0	1.0
4797.0	1.0000000000000004
4798.0	1.0
4799.0	1.0000000000000002
4800.0	1.0
4801.0	1.0
4802.0	1.0
4803.0	1.0000000000000002
4804.0	1.0
4805.0	1.0000000000000004
4806.0	1.0
4807.0	1.0000000000000004
4808.0	1.0
4809.0	1.0000000000000002
4810.0	1.0
4811.0	1.0000000000000002
4812.0	0.9999999999999999
4813.0	1.0
4814.0	1.0
4815.0	1.0000000000000002
4816.0	1.0
4817.0	1.0000000000000002
4818.0	1.0000000000000004
4819.0	1.0000000000000002
4820.0	1.0
4821.0	1.0
4822.0	0.9999999999999999
4823.0	1.0
4824.0	0.9999999999999999
4825.0	1.0
4826.0	1.0
4827.0	1.0
4828.0	1.0000000000000002
4829.0	1.0
4830.0	1.0000000000000002
4831.0	1.0
4832.0	1.0
4833.0	1.0000000000000004
4834.0	1.0000000000000002
4835.0	1.0
4836.0	1.0000000000000002
4837.0	1.0
4838.0	1.0
4839.0	1.0
4840.0	1.0000000000000002
4841.0	1.0
4842.0	1.0000000000000002
4843.0	1.0
4844.0	1.0000000000000004
4845.0	1.0000000000000002
4846.0	1.0000000000000004
4847.0	1.0000000000000002
4848.0	1.0000000000000002
4849.0	1.0
4850.0	1.0000000000000002
4851.0	1.0
4852.0	1.0000000000000002
4853.0	1.0
4854.0	1.0000000000000004
4855.0	1.0000000000000004
4856.0	1.0000000000000002
4857.0	1.0000000000000002
4858.0	1.0
4859.0	1.0000000000000002
4860.0	1.0000000000000004
4861.0	1.0000000000000002
4862.0	1.0000000000000004
4863.0	1.0
4864.0	1.0000000000000002
4865.0	1.0000000000000002
4866.0	1.0000000000000004
4867.0	1.0000000000000002
4868.0	1.0000000000000002
4869.0	1.0000000000000002
4870.0	1.0000000000000004
4871.0	1.0
4872.0	1.0000000000000004
4873.0	1.0
4874.0	1.0000000000000002
4875.0	1.0
4876.0	1.0000000000000002
4877.0	1.0000000000000002
4878.0	1.0000000000000002
4879.0	1.0
4880.0	0.9999999999999999
4881.0	1.0
4882.0	1.0000000000000004
4883.0	1.0000000000000002
4884.0	1.0
4885.0	1.0000000000000004
4886.0	1.0
4887.0	1.0000000000000002
4888.0	1.0
4889.0	1.0000000000000002
4890.0	1.0
4891.0	1.0000000000000004
4892.0	1.0
4893.0	1.0000000000000002
4894.0	1.0
4895.0	1.0000000000000004
4896.0	1.0000000000000002
4897.0	1.0
4898.0	1.0000000000000002
4899.0	1.0000000000000002
4900.0	1.0000000000000002
4901.0	1.0000000000000002
4902.0	1.0
4903.0	1.0000000000000002
4904.0	1.0
4905.0	1.0000000000000002
4906.0	1.0
4907.0	1.0000000000000002
4908.0	1.0
4909.0	1.0000000000000002
4910.0	1.0000000000000002
4911.0	1.0
4912.0	1.0000000000000002
4913.0	1.0
4914.0	0.9999999999999999
4915.0	1.0000000000000002
4916.0	1.0000000000000004
4917.0	1.0000000000000002
4918.0	1.0
4919.0	1.0000000000000002
4920.0	1.0
4921.0	1.0
4922.0	1.0
4923.0	0.9999999999999999
4924.0	1.0
4925.0	1.0000000000000002
4926.0	1.0
4927.0	1.0
4928.0	1.0
4929.0	1.0000000000000004
4930.0	1.0
4931.0	1.0000000000000002
4932.0	1.0
4933.0	1.0
4934.0	1.0
4935.0	1.0000000000000002
4936.0	1.0000000000000002
4937.0	0.9999999999999998
4938.0	1.0
4939.0	1.0000000000000004
4940.0	0.9999999999999998
4941.0	1.0
4942.0	1.0000000000000004
4943.0	1.0
4944.0	1.0000000000000004
4945.0	1.0000000000000002
4946.0	1.0
4947.0	1.0
4948.0	1.0
4949.0	1.0
4950.0	1.0
4951.0	1.0000000000000004
4952.0	1.0
4953.0	1.0
4954.0	1.0
4955.0	0.9999999999999999
4956.0	1.0000000000000002
4957.0	0.9999999999999999
4958.0	1.0000000000000002
4959.0	1.0000000000000004
4960.0	1.0000000000000002
4961.0	1.0
4962.0	1.0000000000000002
4963.0	1.0
4964.0	1.0000000000000004
4965.0	1.0000000000000002
4966.0	1.0
4967.0	1.0000000000000002
4968.0	1.0
4969.0	1.0
4970.0	1.0
4971.0	1.0
4972.0	1.0
4973.0	1.0000000000000002
4974.0	1.0
4975.0	1.0
4976.0	1.0
4977.0	1.0
4978.0	0.9999999999999999
4979.0	1.0
4980.0	0.9999999999999999
4981.0	1.0000000000000002
4982.0	1.0
4983.0	1.0000000000000002
4984.0	1.0
4985.0	1.0000000000000004
4986.0	1.0
4987.0	1.0000000000000002
4988.0	1.0000000000000002
4989.0	0.9999999999999999
4990.0	1.0000000000000002
4991.0	1.0
4992.0	1.0000000000000002
4993.0	1.0000000000000004
4994.0	1.0000000000000002
4995.0	1.0
4996.0	1.0000000000000002
4997.0	1.0
4998.0	1.0000000000000002
4999.0	1.0
